 Mach Number             Cd Rocket - (Unpowered) Cd - Rocket (Powered)   Body Skin Friction      Nose Pressure Drag      Base Drag               Body Pressure Drag      Fin Pressure Drag       Interference Drag       Fin Skin Friction      
 0.00000000000000E+0000  3.84550795764459E-0001  3.64665203104031E-0001  2.43275220518291E-0001  0.00000000000000E+0000  1.55014482116496E-0002  1.42150253963627E-0002  1.96871161250619E-0005  3.83158472316309E-0002  7.32235672903996E-0002 
 4.00000000000000E-0002  3.60175612169087E-0001  3.39777092360701E-0001  2.31194577444559E-0001  0.00000000000000E+0000  1.59012911409599E-0002  1.35091308636946E-0002  1.97443000677016E-0005  3.64131459475181E-0002  6.31377224722872E-0002 
 8.00000000000000E-0002  3.35418807595818E-0001  3.14374634003830E-0001  2.17225698053345E-0001  0.00000000000000E+0000  1.64045986792403E-0002  1.26929031571415E-0002  2.01445669129823E-0005  3.42130474434019E-0002  5.48624156957760E-0002 
 1.20000000000000E-0001  3.21198889591231E-0001  2.99728037854124E-0001  2.08677875497517E-0001  0.00000000000000E+0000  1.67372077838594E-0002  1.21934379240782E-0002  2.12308224524535E-0005  3.28667653908590E-0002  5.07023721724646E-0002 
 1.60000000000000E-0001  3.11243991477380E-0001  2.89448416898067E-0001  2.02506192248510E-0001  0.00000000000000E+0000  1.69903395062858E-0002  1.18328149476154E-0002  2.33453947699275E-0005  3.18947252791403E-0002  4.79965741010588E-0002 
 2.00000000000000E-0001  3.03564448580717E-0001  2.81502596626930E-0001  1.97647361305493E-0001  0.00000000000000E+0000  1.71979111387149E-0002  1.15489043828466E-0002  2.68293691509856E-0005  3.11294594056152E-0002  4.60139829788963E-0002 
 2.40000000000000E-0001  2.97279482950804E-0001  2.74988743758672E-0001  1.93609209344239E-0001  0.00000000000000E+0000  1.73763359778478E-0002  1.13129476234146E-0002  3.20216607448693E-0005  3.04934504717176E-0002  4.44555178728397E-0002 
 2.80000000000000E-0001  2.92206607745044E-0001  2.69712558184074E-0001  1.90125188244157E-0001  0.00000000000000E+0000  1.75348228385240E-0002  1.11093697649150E-0002  3.92578305633362E-0005  2.99447171484547E-0002  4.34532519184297E-0002 
 3.20000000000000E-0001  2.87868721141500E-0001  2.65189648999387E-0001  1.87035647455305E-0001  0.00000000000000E+0000  1.76790537904783E-0002  1.09288421276034E-0002  4.88686538129699E-0005  2.94581144742105E-0002  4.27181946400903E-0002 
 3.60000000000000E-0001  2.84000123182290E-0001  2.61149510141534E-0001  1.84238012754655E-0001  0.00000000000000E+0000  1.78127753446658E-0002  1.07653711080940E-0002  6.11784537221949E-0005  2.90174870088581E-0002  4.21052985122954E-0002 
 4.00000000000000E-0001  2.80487711086776E-0001  2.57475711119471E-0001  1.81662891643320E-0001  0.00000000000000E+0000  1.79385815565624E-0002  1.06149019731022E-0002  7.65032188487813E-0005  2.86119054338229E-0002  4.15829272611198E-0002 
 4.40000000000000E-0001  2.77252600997436E-0001  2.54086976100410E-0001  1.79261453115446E-0001  0.00000000000000E+0000  1.80583370465165E-0002  1.04745814357749E-0002  9.51485272090695E-0005  2.82336788656827E-0002  4.11294020068064E-0002 
 4.80000000000000E-0001  2.74237958374349E-0001  2.50924699687556E-0001  1.76998255871055E-0001  0.00000000000000E+0000  1.81734222534532E-0002  1.03423385947760E-0002  1.17407306289217E-0004  2.78772252996912E-0002  4.07293090490843E-0002 
 5.20000000000000E-0001  2.71401756238558E-0001  2.47945512323309E-0001  1.74846931109642E-0001  0.00000000000000E+0000  1.82848837598707E-0002  1.02166326718539E-0002  1.43557463875438E-0004  2.75383916497686E-0002  4.03713595835472E-0002 
 5.60000000000000E-0001  2.68712251660731E-0001  2.45116633145055E-0001  1.72787459837573E-0001  0.00000000000000E+0000  1.83935306675803E-0002  1.00962939198299E-0002  1.73859430432404E-0004  2.72140249244178E-0002  4.00470828808971E-0002 
 6.00000000000000E-0001  2.66145044992928E-0001  2.42412846959686E-0001  1.70804388495070E-0001  0.00000000000000E+0000  1.84999987198273E-0002  9.98041935835008E-0003  2.08553659194531E-0004  2.69016911879736E-0002  3.97499935725124E-0002 
 6.40000000000000E-0001  2.62934362047708E-0001  2.39067729964985E-0001  1.68885621186522E-0001  0.00000000000000E+0000  1.86047943118668E-0002  9.86830220164741E-0003  2.47858134921006E-0004  2.65994853368772E-0002  3.87283008758733E-0002 
 6.80000000000000E-0001  2.60038906965683E-0001  2.36039462828263E-0001  1.67021579433651E-0001  0.00000000000000E+0000  1.87083255076892E-0002  9.75938276135057E-0003  2.91965946101648E-0004  2.63058987608000E-0002  3.79517545560911E-0002 
 7.20000000000000E-0001  2.57375584119341E-0001  2.33244523903060E-0001  1.65204603634870E-0001  0.00000000000000E+0000  1.88109244025330E-0002  9.65321347263625E-0003  3.41042977994669E-0004  2.60197250724920E-0002  3.73460745588146E-0002 
 7.60000000000000E-0001  2.54770338792986E-0001  2.30508508813046E-0001  1.63428517854305E-0001  6.94491467694256E-0006  1.89128635679189E-0002  9.54943346403917E-0003  3.95225784963148E-0004  2.57399915620531E-0002  3.67373616450292E-0002 
 8.00000000000000E-0001  2.53414649106473E-0001  2.29090348606891E-0001  1.62590150120323E-0001  1.73622866923564E-0004  1.89615613131423E-0002  9.50044607188038E-0003  4.54619699933935E-0004  2.56079486439509E-0002  3.61263003903186E-0002 
 8.40000000000000E-0001  2.52147895770196E-0001  2.27759277377684E-0001  1.61733712374415E-0001  5.62538088832346E-0004  1.90116991442531E-0002  9.33405267448378E-0003  5.19297236274554E-0004  2.54730596989703E-0002  3.55135365529673E-0002 
 8.80000000000000E-0001  2.51782554586795E-0001  2.26188481651799E-0001  1.60851140063530E-0001  1.17369058040329E-0003  1.99958728126850E-0002  8.93882086335798E-0003  5.89296832895393E-0004  2.53340545600060E-0002  3.48996788739169E-0002 
 9.20000000000000E-0001  2.54789547127781E-0001  2.23837898448414E-0001  1.59944160008280E-0001  2.00708034163640E-0003  2.43699780057154E-0002  8.32720078659522E-0003  6.64621986955057E-0004  2.51912052013041E-0002  3.42853007972951E-0002 
 9.60000000000000E-0001  2.61298444791455E-0001  2.20703159772220E-0001  1.59014425739224E-0001  3.06270737253166E-0003  3.22433673531702E-0002  7.51698934732528E-0003  7.45240810297501E-0004  2.50447720539279E-0002  3.36709421149783E-0002 
 1.00000000000000E+0000  3.37838436741725E-0001  2.83313454787124E-0001  1.58063520389517E-0001  6.49738094857956E-0002  4.36160408550494E-0002  1.24013336893558E-0002  8.31617322155348E-0004  2.48950044613489E-0002  3.30571105385034E-0002 
 1.04000000000000E+0000  4.75829089057059E-0001  4.03088349571595E-0001  1.56608369171969E-0001  7.30823405629760E-0002  5.84879985113529E-0002  7.47124664759323E-0002  9.20541010458269E-0004  7.97213247461737E-0002  3.22960485781961E-0002 
 1.08000000000000E+0000  5.07230900488950E-0001  4.33500605232173E-0001  1.55142332357046E-0001  8.02547853844481E-0002  6.34599523764507E-0002  9.75378330591756E-0002  1.01447861181801E-0003  7.82784985079703E-0002  3.15430201920422E-0002 
 1.12000000000000E+0000  5.06597856806829E-0001  4.35879058549196E-0001  1.53666940081662E-0001  8.65698410791937E-0002  6.42520854391175E-0002  9.28604603027065E-0002  1.11324923650706E-0003  7.73369263001175E-0002  3.07983543675249E-0002 
 1.16000000000000E+0000  5.05424257441131E-0001  4.36407966107697E-0001  1.52183644893321E-0001  9.21016987680482E-0002  6.48921351771954E-0002  8.83704499827690E-0002  1.21664256028980E-0003  7.65973384524377E-0002  3.00623476070703E-0002 
 1.20000000000000E+0000  5.03720118075313E-0001  4.35931649231693E-0001  1.50693825108820E-0001  9.69202202468074E-0002  6.53990145480592E-0002  8.40800635910943E-0002  1.32442085675058E-0003  7.59673078681469E-0002  2.93352658556349E-0002 
 1.24000000000000E+0000  5.04425406652382E-0001  4.37371535062422E-0001  1.49198788032819E-0001  1.01091107741490E-0001  6.57888221253345E-0002  8.13678034752526E-0002  2.57391786627954E-0003  7.54061157140516E-0002  2.89988516971552E-0002 
 1.28000000000000E+0000  5.05265834673904E-0001  4.38946560337603E-0001  1.47699773042034E-0001  1.04676067007401E-0001  6.60753384580131E-0002  7.88250596166509E-0002  4.43436578606841E-0003  7.48922583637885E-0002  2.86629723999472E-0002 
 1.32000000000000E+0000  5.04184159956340E-0001  4.38522935269453E-0001  1.46197954540590E-0001  1.07732964032992E-0001  6.62704222013374E-0002  7.64364214464494E-0002  4.80552686694023E-0003  7.44130284806136E-0002  2.83278423874164E-0002 
 1.36000000000000E+0000  5.02576343395623E-0001  4.37495491124610E-0001  1.44694444791836E-0001  1.10315975599271E-0001  6.63843286491761E-0002  7.41882914039067E-0002  5.03932443581173E-0003  7.39603156543814E-0002  2.79936628612392E-0002 
 1.40000000000000E+0000  5.00567001316496E-0001  4.36215673113690E-0001  1.43190296631720E-0001  1.12475733935694E-0001  6.64259676822439E-0002  7.20686259352237E-0002  5.21711010172840E-0003  7.35286445858930E-0002  2.76606224439924E-0002 
 1.44000000000000E+0000  4.98224137138806E-0001  4.34788688016528E-0001  1.41686506068610E-0001  1.14259465704024E-0001  6.64031140426323E-0002  7.00667196592453E-0002  5.36527625751729E-0003  7.31141576146749E-0002  2.73288977921019E-0002 
 1.48000000000000E+0000  4.95599799497246E-0001  4.33080229455498E-0001  1.40184014774235E-0001  1.15711125532544E-0001  6.63225798159016E-0002  6.81730245333197E-0002  5.49635665572027E-0003  7.27140440050577E-0002  2.69986541804674E-0002 
 1.52000000000000E+0000  4.92724140263029E-0001  4.31303940877464E-0001  1.38683712470256E-0001  1.16871524314332E-0001  6.61903567450397E-0002  6.63789975719166E-0002  5.60330345527815E-0003  7.23261996461468E-0002  2.66700460600590E-0002 
 1.56000000000000E+0000  4.89549132961455E-0001  4.29116661337770E-0001  1.37186439214767E-0001  1.17778452474876E-0001  6.60117343042160E-0002  6.46769719931495E-0002  5.60330345527815E-0003  7.19490139294477E-0002  2.63432175897209E-0002 
 1.60000000000000E+0000  4.86214069247185E-0001  4.26778609887181E-0001  1.35692987592863E-0001  1.18466798406302E-0001  6.57913981746087E-0002  6.30600476933207E-0002  5.60330345527815E-0003  7.15812307814490E-0002  2.60183031433623E-0002 
 1.64000000000000E+0000  4.82748863794845E-0001  4.24315141819303E-0001  1.34204104815252E-0001  1.18968662257735E-0001  6.55335127825830E-0002  6.15219977495812E-0002  5.60330345527815E-0003  7.12218549407558E-0002  2.56954277936595E-0002 
 1.68000000000000E+0000  4.79181037219586E-0001  4.21749887047711E-0001  1.32720494728689E-0001  1.19313465263867E-0001  6.52417908048635E-0002  6.00571882793531E-0002  5.60330345527815E-0003  7.08700869141896E-0002  2.53747077733448E-0002 
 1.72000000000000E+0000  4.75535767054227E-0001  4.19104713996190E-0001  1.31242819741919E-0001  1.19528054786693E-0001  6.49195519598105E-0002  5.86605094821588E-0002  5.60330345527815E-0003  7.05252767132623E-0002  2.50562509151055E-0002 
 1.76000000000000E+0000  4.71835947707271E-0001  4.16399713465637E-0001  1.29771702670586E-0001  1.19636805238506E-0001  6.45697729471690E-0002  5.73273160848370E-0002  5.60330345527815E-0003  7.01868902398233E-0002  2.47401570710710E-0002 
 1.80000000000000E+0000  4.68102255690805E-0001  4.13653197444139E-0001  1.28307728504501E-0001  1.19661715047642E-0001  6.41951300401263E-0002  5.60533757273962E-0002  5.60330345527815E-0003  6.98544844030390E-0002  2.44265185128219E-0002 
 1.84000000000000E+0000  4.64353217717188E-0001  4.10881709271482E-0001  1.26851446100455E-0001  1.19622499822141E-0001  6.37980355503823E-0002  5.48348240811485E-0002  5.60330345527815E-0003  6.95276883949709E-0002  2.41154203128108E-0002 
 1.88000000000000E+0000  4.60605280080063E-0001  4.08100042515667E-0001  1.25403369803696E-0001  1.19536681860412E-0001  6.33806691620689E-0002  5.36681256964432E-0002  5.60330345527815E-0003  6.92061893941192E-0002  2.38069407080451E-0002 
 1.92000000000000E+0000  4.56872878258001E-0001  4.05321266563186E-0001  1.23963981000992E-0001  1.19419676152136E-0001  6.29450049507865E-0002  5.25500397444339E-0002  5.60330345527815E-0003  6.88897215075316E-0002  2.35011514468421E-0002 
 1.96000000000000E+0000  4.53168506021707E-0001  4.02556757378677E-0001  1.22533729608157E-0001  1.19284873007018E-0001  6.24928347598876E-0002  5.14775899537312E-0002  5.60330345527815E-0003  6.85780571182028E-0002  2.31981181194310E-0002 
 2.00000000000000E+0000  4.48992410420263E-0001  3.99305859084807E-0001  1.21113035494730E-0001  1.18633344308807E-0001  6.20257884898564E-0002  5.04480381546566E-0002  5.60330345527815E-0003  6.82710000437945E-0002  2.28979004731400E-0002 
 2.04000000000000E+0000  4.45603611030497E-0001  3.96826874112002E-0001  1.19702289848432E-0001  1.18724872238980E-0001  6.15453517623925E-0002  4.94588609359378E-0002  5.60330345527815E-0003  6.79683800766018E-0002  2.26005527128733E-0002 
 2.08000000000000E+0000  4.42251281493090E-0001  3.94368419387219E-0001  1.18301856481904E-0001  1.18809338840534E-0001  6.10528813440667E-0002  4.85077289948621E-0002  5.60330345527815E-0003  6.76700485888933E-0002  2.23061237875505E-0002 
 2.12000000000000E+0000  4.38932797366983E-0001  3.91927452109623E-0001  1.16912073084119E-0001  1.18884780719036E-0001  6.05496186516637E-0002  4.75924888251477E-0002  5.60330345527815E-0003  6.73758749685861E-0002  2.20146576631514E-0002 
 2.16000000000000E+0000  4.35645764348646E-0001  3.89501278738217E-0001  1.15533252418767E-0001  1.18949423134061E-0001  6.00367016097970E-0002  4.67111464394968E-0002  5.60330345527815E-0003  6.70857437082684E-0002  2.17261935829767E-0002 
 2.20000000000000E+0000  4.32388005814359E-0001  3.87087525782550E-0001  1.14165683471831E-0001  1.19001672601957E-0001  5.95151750888911E-0002  4.58618528678696E-0002  5.60330345527815E-0003  6.67995520128192E-0002  2.14407663157118E-0002 
 2.24000000000000E+0000  4.29157551334220E-0001  3.84684113725776E-0001  1.12809632550453E-0001  1.19040109788666E-0001  5.89860001164649E-0002  4.50428912095148E-0002  5.60330345527815E-0003  6.65172078219920E-0002  2.11584063918500E-0002 
 2.28000000000000E+0000  4.25952626041523E-0001  3.82289233685817E-0001  1.11465344335127E-0001  1.19063482681225E-0001  5.84500620254331E-0002  4.42526650479444E-0002  5.60330345527815E-0003  6.62386281675055E-0002  2.08791403290080E-0002 
 2.32000000000000E+0000  4.22771640760883E-0001  3.79901326476244E-0001  1.10133042887166E-0001  1.19070700027008E-0001  5.79081776787935E-0002  4.34896880643591E-0002  5.60330345527815E-0003  6.59637378016349E-0002  2.06029908466427E-0002 
 2.36000000000000E+0000  4.19613182814035E-0001  3.77519063775516E-0001  1.08812932613291E-0001  1.19060825030222E-0001  5.73611018896909E-0002  4.27525747073361E-0002  5.60330345527815E-0003  6.56924680475630E-0002  2.03299770706536E-0002 
 2.40000000000000E+0000  4.16476007434556E-0001  3.75141331152851E-0001  1.07505199189150E-0001  1.19033069295572E-0001  5.68095331387515E-0002  4.20400317955472E-0002  5.60330345527815E-0003  6.54247558319223E-0002  2.00601147283338E-0002 
 2.44000000000000E+0000  4.13359029732706E-0001  3.72767212732730E-0001  1.06210010443467E-0001  1.18986787009392E-0001  5.62541186761815E-0002  4.13508509464398E-0002  5.60330345527815E-0003  6.51605428678342E-0002  1.97934163341125E-0002 
 2.48000000000000E+0000  4.10261317159666E-0001  3.70395977308691E-0001  1.04927517204457E-0001  1.18921469348939E-0001  5.56954590839674E-0002  4.06839017376263E-0002  5.60330345527815E-0003  6.48997749628884E-0002  1.95298913665094E-0002 
 2.52000000000000E+0000  4.07182082427095E-0001  3.68027065741681E-0001  1.03657854110099E-0001  1.18836739110903E-0001  5.51341123632106E-0002  4.00381255195687E-0002  5.60330345527815E-0003  6.46424014313296E-0002  1.92695464367043E-0002 
 2.56000000000000E+0000  4.04120676843428E-0001  3.65660079499250E-0001  1.02401140383768E-0001  1.18732345550535E-0001  5.45705976028833E-0002  3.94125298083255E-0002  5.60330345527815E-0003  6.43883745935321E-0002  1.90123854491060E-0002 
 2.60000000000000E+0000  4.01076584032968E-0001  3.63294770209996E-0001  1.01157480576659E-0001  1.18608159423135E-0001  5.40053982788345E-0002  3.88061831958897E-0002  5.60330345527815E-0003  6.41376493488845E-0002  1.87584097542871E-0002 
 2.64000000000000E+0000  3.98125552482637E-0001  3.61007168598290E-0001  9.99269652784160E-0002  1.18464168219969E-0001  5.34389652255108E-0002  3.82182107232247E-0002  5.67944193024214E-0003  6.38901828106393E-0002  1.85076182946349E-0002 
 2.68000000000000E+0000  3.95203180083919E-0001  3.58733165897069E-0001  9.87096717972747E-0002  1.18300471590983E-0001  5.28717193174038E-0002  3.76477896676542E-0002  5.76758597430395E-0003  6.36459339932469E-0002  1.82600077430519E-0002 
 2.72000000000000E+0000  3.92294746867737E-0001  3.56458343875655E-0001  9.75056648110001E-0002  1.18117276947003E-0001  5.23040538925532E-0002  3.70941457019534E-0002  5.85316933591918E-0003  6.34048635442825E-0002  1.80155726350251E-0002 
 2.76000000000000E+0000  3.89569690530336E-0001  3.54352448027553E-0001  9.64613840483202E-0002  1.17914895234365E-0001  5.17363369464098E-0002  3.65565493874323E-0002  5.93622994335518E-0003  6.31899894760839E-0002  1.77743054943690E-0002 
 2.80000000000000E+0000  3.86878353489042E-0001  3.52266132610689E-0001  9.54474866697057E-0002  1.17693736875234E-0001  5.11689131208840E-0002  3.60343129676118E-0002  6.01680985344865E-0003  6.29808970492258E-0002  1.75361969529314E-0002 
 2.84000000000000E+0000  3.84199516722228E-0001  3.50178492753870E-0001  9.44454905754584E-0002  1.17454307867099E-0001  5.06021055104035E-0002  3.55267874328568E-0002  6.09495463796901E-0003  6.27746348339013E-0002  1.73012358645403E-0002 
 2.88000000000000E+0000  3.81533401418750E-0001  3.48090064619268E-0001  9.34553399642521E-0002  1.17197206035210E-0001  5.00362173041994E-0002  3.50333598296226E-0002  6.17071281851323E-0003  6.25711560534954E-0002  1.70694094134564E-0002 
 2.92000000000000E+0000  3.78880332282262E-0001  3.46001487435295E-0001  9.24769763925591E-0002  1.16923117431963E-0001  4.94715332817803E-0002  3.45534507908607E-0002  6.24413534871792E-0003  6.23704158187968E-0002  1.68407032175834E-0002 
 2.96000000000000E+0000  3.76240732693155E-0001  3.43913497575466E-0001  9.15103388501239E-0002  1.16632812877461E-0001  4.89083211765844E-0002  3.40865122666599E-0002  6.31527514215997E-0003  6.21723709534877E-0002  1.66151014266772E-0002 
 3.00000000000000E+0000  3.73615120130044E-0001  3.41826923061380E-0001  9.05553638382468E-0002  1.16327144635727E-0001  4.83468329210876E-0002  3.36320254364377E-0002  6.38418664400175E-0003  6.19769798387583E-0002  1.63925868157844E-0002 
 3.04000000000000E+0000  3.71004101835518E-0001  3.39742678453709E-0001  8.96119854501261E-0002  1.16007043221240E-0001  4.77873057851447E-0002  3.31894987859583E-0002  6.45092544420781E-0003  6.17842022747106E-0002  1.61731408741296E-0002 
 3.08000000000000E+0000  3.68408370711730E-0001  3.37661760098516E-0001  8.86801354526105E-0002  1.15673514330693E-0001  4.72299634180292E-0002  3.27584663341926E-0002  6.51554793000485E-0003  6.15939993565387E-0002  1.59567438896612E-0002 
 3.12000000000000E+0000  3.65865266964717E-0001  3.35621807231770E-0001  8.77597433687986E-0002  1.15327635895054E-0001  4.66750168034882E-0002  3.23384859965747E-0002  6.57811097516409E-0003  6.14063333637365E-0002  1.57799405619009E-0002 
 3.16000000000000E+0000  3.63341799158914E-0001  3.33590122589515E-0001  8.68507365609996E-0002  1.14970555247221E-0001  4.61226651361171E-0002  3.19291380725675E-0002  6.63867166364466E-0003  6.12211676608162E-0002  1.56088648175472E-0002 
 3.20000000000000E+0000  3.60835501797362E-0001  3.31564529626857E-0001  8.59530403136374E-0002  1.14603486400735E-0001  4.55730966264685E-0002  3.15300238466604E-0002  6.69728704513893E-0003  6.10384666082153E-0002  1.54401009565063E-0002 
 3.24000000000000E+0000  3.58347373399332E-0001  3.29546310306708E-0001  8.50665779157398E-0002  1.14227707435190E-0001  4.50264892415286E-0002  3.11407642929979E-0002  6.75401392009725E-0003  6.08581954822376E-0002  1.52736251115403E-0002 
 3.28000000000000E+0000  3.55878481510834E-0001  3.27536809884271E-0001  8.41912707427058E-0002  1.13844557984171E-0001  4.44830113864982E-0002  3.07609988747906E-0002  6.80890865187343E-0003  6.06803204030187E-0002  1.51094134677757E-0002 
 3.32000000000000E+0000  3.53429959654379E-0001  3.25537433685324E-0001  8.33270383370915E-0002  1.13455436821687E-0001  4.39428225332048E-0002  3.03903844305160E-0002  6.86202700371713E-0003  6.05048082696290E-0002  1.49474422585329E-0002 
 3.36000000000000E+0000  3.51003004433081E-0001  3.23549644086091E-0001  8.24737984881944E-0002  1.13061799543240E-0001  4.34060737999304E-0002  3.00285941396765E-0002  6.91342399843890E-0003  6.03316267015366E-0002  1.47876877620629E-0002 
 3.40000000000000E+0000  3.48598872780101E-0001  3.21574957679291E-0001  8.16314673102526E-0002  1.12665156337825E-0001  4.28729084869560E-0002  2.96753165615627E-0002  6.96315379868512E-0003  6.01607439857436E-0002  1.46301262990761E-0002 
 3.44000000000000E+0000  3.46218879344996E-0001  3.19614942612315E-0001  8.07999593191054E-0002  1.12267069847285E-0001  4.23434625716971E-0002  2.93302547410794E-0002  7.01126960587728E-0003  5.99921290289925E-0002  1.44747342309588E-0002 
 3.48000000000000E+0000  3.43864394009049E-0001  3.17671216084682E-0001  7.99791875071904E-0002  1.11869153109608E-0001  4.18178651669253E-0002  2.89931253762394E-0002  7.05782357599216E-0003  5.98257513145056E-0002  1.43214879585878E-0002 
 3.52000000000000E+0000  3.41536839522218E-0001  3.15745441993051E-0001  7.91690634167757E-0002  1.11473067582867E-0001  4.12962389452272E-0002  2.86636580424185E-0002  7.10286675048214E-0003  5.96615808627874E-0002  1.41703639216597E-0002 
 3.56000000000000E+0000  3.39237689254736E-0001  3.13839328713080E-0001  7.83694972113471E-0002  1.11080521246638E-0001  4.07787005325543E-0002  2.83415944689082E-0002  7.14644900075676E-0003  5.94995881960671E-0002  1.40213385984641E-0002 
 3.60000000000000E+0000  3.36968465056914E-0001  3.11954627008310E-0001  7.75803977450889E-0002  1.10693266777869E-0001  4.02653608734440E-0002  2.80266878636981E-0002  7.18861898476653E-0003  5.93397443060114E-0002  1.38743885060355E-0002 
 3.64000000000000E+0000  3.34730735221054E-0001  3.10093128057098E-0001  7.68016726304127E-0002  1.10313099798266E-0001  3.97563255702489E-0002  2.77187022827783E-0002  7.22942411434548E-0003  5.91820206243741E-0002  1.37294902006273E-0002 
 3.68000000000000E+0000  3.32526112539814E-0001  3.08256661589363E-0001  7.60332283035031E-0002  1.09941857190413E-0001  3.92516951984970E-0002  2.74174120405742E-0002  7.26891053208021E-0003  5.90263889962883E-0002  1.35866202784571E-0002 
 3.72000000000000E+0000  3.30356252455685E-0001  3.06447094125597E-0001  7.52749700878611E-0002  1.09581415479902E-0001  3.87515656003089E-0002  2.71226011584175E-0002  7.30712309657917E-0003  5.88728216559379E-0002  1.34457553766784E-0002 
 3.76000000000000E+0000  3.28222851296623E-0001  3.04666327311204E-0001  7.45268022558371E-0002  1.09233689280912E-0001  3.82560281576241E-0002  2.68340628482216E-0002  7.34410537511579E-0003  5.87212912043723E-0002  1.33068721745391E-0002 
 3.80000000000000E+0000  3.26127644593148E-0001  3.02916296339805E-0001  7.37886280881540E-0002  1.08900629802735E-0001  3.77651700468301E-0002  2.65515990287666E-0002  7.37989964271339E-0003  5.85717705892563E-0002  1.31699473946921E-0002 
 3.84000000000000E+0000  3.24072405472572E-0001  3.01198968459648E-0001  7.30603499314308E-0002  1.08584223414859E-0001  3.72790744762472E-0002  2.62750198722170E-0002  7.41454688682753E-0003  5.84242330863639E-0002  1.30349578046263E-0002 
 3.88000000000000E+0000  3.22058943126227E-0001  2.99516341557720E-0001  7.23418692537193E-0002  1.08286490268318E-0001  3.67978209077953E-0002  2.60041433786890E-0002  7.44808681686372E-0003  5.82786522826501E-0002  1.29018802181914E-0002 
 3.92000000000000E+0000  3.20089101345879E-0001  2.97870442816617E-0001  7.16330866980802E-0002  1.08009482971099E-0001  3.63214852640504E-0002  2.57387949768656E-0002  7.48055787784367E-0003  5.81350020607484E-0002  1.27706914971919E-0002 
 3.96000000000000E+0000  3.18164757125711E-0001  2.96263327439567E-0001  7.09339021342203E-0002  1.07755285315484E-0001  3.58501401217978E-0002  2.54788071488165E-0002  7.51199726760411E-0003  5.79932565847577E-0002  1.26413685530301E-0002 
 4.00000000000000E+0000  3.15713494296115E-0001  2.94122752408997E-0001  7.02442147082262E-0002  1.06951686024915E-0001  3.53838548930933E-0002  2.52240190773283E-0002  7.54244095697570E-0003  5.78533902871975E-0002  1.25138883483789E-0002 
