 Mach Number             Cd Rocket - (Unpowered) Cd - Rocket (Powered)   Body Skin Friction      Nose Pressure Drag      Base Drag               Body Pressure Drag      Fin Pressure Drag       Interference Drag       Fin Skin Friction      
 0.00000000000000E+0000  4.14826975145007E-0001  3.95364986349857E-0001  2.53980583509877E-0001  0.00000000000000E+0000  1.51712356053677E-0002  1.48405597458064E-0002  1.96871161250619E-0005  4.00019419028056E-0002  9.08129672650251E-0002 
 4.00000000000000E-0002  3.93221516300607E-0001  3.73491794420693E-0001  2.47134300403294E-0001  0.00000000000000E+0000  1.53799420099940E-0002  1.44405186400028E-0002  1.97443000677016E-0005  3.89236523135189E-0002  7.73233586337289E-0002 
 8.00000000000000E-0002  3.69030048239232E-0001  3.48835632007407E-0001  2.35891529405547E-0001  0.00000000000000E+0000  1.57421859497845E-0002  1.37835825372711E-0002  2.01445669129823E-0005  3.71529158813737E-0002  6.64396898983423E-0002 
 1.20000000000000E-0001  3.54453367776105E-0001  3.33918272959186E-0001  2.28129541630446E-0001  0.00000000000000E+0000  1.60077556782730E-0002  1.33300350978145E-0002  2.12308224524535E-0005  3.59304028067953E-0002  6.10344017403234E-0002 
 1.60000000000000E-0001  3.44015567176279E-0001  3.23210171520621E-0001  2.22240391990660E-0001  0.00000000000000E+0000  1.62184637283083E-0002  1.29859210877061E-0002  2.33453947699275E-0005  3.50028617385289E-0002  5.75445832363058E-0002 
 2.00000000000000E-0001  3.35848815464988E-0001  3.14816307224433E-0001  2.17466726542805E-0001  0.00000000000000E+0000  1.63955051689689E-0002  1.27069869018469E-0002  2.68293691509856E-0005  3.42510094304918E-0002  5.50017580517238E-0002 
 2.40000000000000E-0001  3.29097610141880E-0001  3.07866593088808E-0001  2.13419134513475E-0001  0.00000000000000E+0000  1.65502490646798E-0002  1.24704785416101E-0002  3.20216607448693E-0005  3.36135136858724E-0002  5.30122126754974E-0002 
 2.80000000000000E-0001  3.23636777533651E-0001  3.02227217142804E-0001  2.09874392902460E-0001  0.00000000000000E+0000  1.66894292415706E-0002  1.22633526702748E-0002  3.92578305633362E-0005  3.30552168821375E-0002  5.17151280066442E-0002 
 3.20000000000000E-0001  3.18947353194958E-0001  2.97373700594321E-0001  2.06693867033233E-0001  0.00000000000000E+0000  1.68173443072889E-0002  1.20775086048228E-0002  4.88686538129699E-0005  3.25542840577342E-0002  5.07554805380665E-0002 
 3.60000000000000E-0001  3.14743172028477E-0001  2.93016156257882E-0001  2.03786210460435E-0001  0.00000000000000E+0000  1.69368957472314E-0002  1.19076088018829E-0002  6.11784537221949E-0005  3.20963281475185E-0002  4.99549504176866E-0002 
 4.00000000000000E-0001  3.10908912216414E-0001  2.89036640758431E-0001  2.01088473784894E-0001  0.00000000000000E+0000  1.70501271481726E-0002  1.17499750105176E-0002  7.65032188487813E-0005  3.16714346211208E-0002  4.92723984328600E-0002 
 4.40000000000000E-0001  3.07363603154599E-0001  2.85352274569754E-0001  1.98555736368563E-0001  0.00000000000000E+0000  1.71585265752010E-0002  1.16019824339668E-0002  9.51485272090695E-0005  3.12725284780486E-0002  4.86796807716105E-0002 
 4.80000000000000E-0001  3.04048593672997E-0001  2.81902979030344E-0001  1.96155041909746E-0001  0.00000000000000E+0000  1.72632068030532E-0002  1.14617053739840E-0002  1.17407306289217E-0004  3.08944191007850E-0002  4.81568131791395E-0002 
 5.20000000000000E-0001  3.00920324987909E-0001  2.78644104507443E-0001  1.93861664408166E-0001  0.00000000000000E+0000  1.73650181830596E-0002  1.13276990442026E-0002  1.43557463875438E-0004  3.05332121442861E-0002  4.76891737443199E-0002 
 5.60000000000000E-0001  2.97945780967487E-0001  2.75541786227852E-0001  1.91656709851352E-0001  0.00000000000000E+0000  1.74646222579849E-0002  1.11988594321938E-0002  1.73859430432404E-0004  3.01859318015879E-0002  4.72657981939364E-0002 
 6.00000000000000E-0001  2.95099510610140E-0001  2.72569903033826E-0001  1.89525520503396E-0001  0.00000000000000E+0000  1.75625414357406E-0002  1.10743300590784E-0002  2.08553659194531E-0004  2.98502694792849E-0002  4.68782954734452E-0002 
 6.40000000000000E-0001  2.91481603564492E-0001  2.68828008648477E-0001  1.87456581004264E-0001  0.00000000000000E+0000  1.76591934872076E-0002  1.09534380608673E-0002  2.47858134921006E-0004  2.95244115081716E-0002  4.56401213690604E-0002 
 6.80000000000000E-0001  2.87982858374995E-0001  2.65206468419554E-0001  1.85440749029757E-0001  0.00000000000000E+0000  1.77549161029132E-0002  1.08356492344864E-0002  2.91965946101648E-0004  2.92069179721867E-0002  4.44526600895499E-0002 
 7.20000000000000E-0001  2.84588936805481E-0001  2.61690590735168E-0001  1.83470702097392E-0001  0.00000000000000E+0000  1.78499847504041E-0002  1.07205357136110E-0002  3.41042977994669E-0004  2.88966355803393E-0002  4.33100356857390E-0002 
 7.60000000000000E-0001  2.81295178948142E-0001  2.58275425161168E-0001  1.81540532030375E-0001  6.94491467694256E-0006  1.79446259041515E-0002  1.06077522724389E-0002  3.95225784963148E-0004  2.85926337947841E-0002  4.22074642467523E-0002 
 8.00000000000000E-0001  2.78244897509010E-0001  2.55104043945222E-0001  1.79645442575033E-0001  1.73622866923564E-0004  1.80390270090501E-0002  1.04970186569121E-0002  4.54619699933935E-0004  2.82941572055677E-0002  4.11410094955895E-0002 
 8.40000000000000E-0001  2.75364902227537E-0001  2.52103056670030E-0001  1.77781520522169E-0001  5.62538088832346E-0004  1.81333440936193E-0002  1.02602113853800E-0002  5.19297236274554E-0004  2.80005894822417E-0002  4.01074014190198E-0002 
 8.80000000000000E-0001  2.73438801704459E-0001  2.48946149215681E-0001  1.75945560137257E-0001  1.17369058040329E-0003  1.91372807506904E-0002  9.77764809841535E-0003  5.89296832895393E-0004  2.77114257216180E-0002  3.91038995831799E-0002 
 9.20000000000000E-0001  2.75026307491050E-0001  2.45063401974400E-0001  1.74134926868939E-0001  2.00708034163640E-0003  2.35992214487843E-0002  9.06601716450079E-0003  6.64621986955057E-0004  2.74262509818578E-0002  3.81281886983773E-0002 
 9.60000000000000E-0001  2.80256407646548E-0001  2.40447046679729E-0001  1.72347450412981E-0001  3.06270737253166E-0003  3.16307147053531E-0002  8.14727307142348E-0003  7.45240810297501E-0004  2.71447234400446E-0002  3.71782978339168E-0002 
 1.00000000000000E+0000  3.55656165179761E-0001  3.01624146340475E-0001  1.70581339999927E-0001  6.49738094857956E-0002  4.32317605203971E-0002  1.29185395721839E-0002  8.31617322155348E-0004  2.68665610499886E-0002  3.62525372293134E-0002 
 1.04000000000000E+0000  4.93369241912126E-0001  4.20738362778076E-0001  1.68835116705183E-0001  7.30823405629760E-0002  5.84023588939161E-0002  7.51323988865279E-0002  9.20541010458269E-0004  8.16470374826548E-0002  3.53494483704102E-0002 
 1.08000000000000E+0000  5.24322801947655E-0001  4.50592506690877E-0001  1.67107558937237E-0001  8.02547853844481E-0002  6.34599523764507E-0002  9.78552407583355E-0002  1.01447861181801E-0003  8.01630216943504E-0002  3.44677641850157E-0002 
 1.12000000000000E+0000  5.23196000744668E-0001  4.52477202487035E-0001  1.65397658227716E-0001  8.65698410791937E-0002  6.42520854391175E-0002  9.30722753110760E-0002  1.11324923650706E-0003  7.91845144081210E-0002  3.36063770429373E-0002 
 1.16000000000000E+0000  5.21567018805176E-0001  4.52550727471742E-0001  1.63704583146952E-0001  9.21016987680482E-0002  6.48921351771954E-0002  8.84757600901067E-0002  1.21664256028980E-0003  7.84118862273846E-0002  3.27643128351994E-0002 
 1.20000000000000E+0000  5.19444463994356E-0001  4.51655995150736E-0001  1.62027649681223E-0001  9.69202202468074E-0002  6.53990145480592E-0002  8.40800635910943E-0002  1.32442085675058E-0003  7.77523852383003E-0002  3.19407098321212E-0002 
 1.24000000000000E+0000  5.19902813893399E-0001  4.52848942303439E-0001  1.60366296787454E-0001  1.01091107741490E-0001  6.57888221253345E-0002  8.13678034752526E-0002  2.57391786627954E-0003  7.71649983429066E-0002  3.15498675546821E-0002 
 1.28000000000000E+0000  5.20524783265469E-0001  4.54205508929169E-0001  1.58720066125318E-0001  1.04676067007401E-0001  6.60753384580131E-0002  7.88250596166509E-0002  4.43436578606841E-0003  7.66279545244058E-0002  3.11659317476113E-0002 
 1.32000000000000E+0000  5.19250766172041E-0001  4.53589541485154E-0001  1.57088585181551E-0001  1.07732964032992E-0001  6.62704222013374E-0002  7.64364214464494E-0002  4.80552686694023E-0003  7.61283028065649E-0002  3.07885436362043E-0002 
 1.36000000000000E+0000  5.17474570154752E-0001  4.52393717883740E-0001  1.55471553165268E-0001  1.10315975599271E-0001  6.63843286491761E-0002  7.41882914039067E-0002  5.03932443581173E-0003  7.56577102231970E-0002  3.04173866781207E-0002 
 1.40000000000000E+0000  5.15318845188375E-0001  4.50967516985568E-0001  1.53868729179275E-0001  1.12475733935694E-0001  6.64259676822439E-0002  7.20686259352237E-0002  5.21711010172840E-0003  7.52104977121329E-0002  3.00521806420759E-0002 
 1.44000000000000E+0000  5.12849795210647E-0001  4.49414346088370E-0001  1.52279922270309E-0001  1.14259465704024E-0001  6.64031140426323E-0002  7.00667196592453E-0002  5.36527625751729E-0003  7.47826206664424E-0002  2.96926766104775E-0002 
 1.48000000000000E+0000  5.10117818826154E-0001  4.47598248784405E-0001  1.50704983037706E-0001  1.15711125532544E-0001  6.63225798159016E-0002  6.81730245333197E-0002  5.49635665572027E-0003  7.43710965065544E-0002  2.93386527444067E-0002 
 1.52000000000000E+0000  5.07151552194944E-0001  4.45731352809379E-0001  1.49143796540315E-0001  1.16871524314332E-0001  6.61903567450397E-0002  6.63789975719166E-0002  5.60330345527815E-0003  7.39736628871811E-0002  2.89899106808809E-0002 
 1.56000000000000E+0000  5.03901574242491E-0001  4.43469102618807E-0001  1.47596276289228E-0001  1.17778452474876E-0001  6.60117343042160E-0002  6.46769719931495E-0002  5.60330345527815E-0003  7.35885632686753E-0002  2.86462724570688E-0002 
 1.60000000000000E+0000  5.00505891559301E-0001  4.41070432199298E-0001  1.46062359152083E-0001  1.18466798406302E-0001  6.57913981746087E-0002  6.30600476933207E-0002  5.60330345527815E-0003  7.32144068020261E-0002  2.83075778756817E-0002 
 1.64000000000000E+0000  4.96993233105552E-0001  4.38559511130010E-0001  1.44542001025240E-0001  1.18968662257735E-0001  6.55335127825830E-0002  6.15219977495812E-0002  5.60330345527815E-0003  7.28500735938290E-0002  2.79736822413047E-0002 
 1.68000000000000E+0000  4.93390024134382E-0001  4.35958873962507E-0001  1.43035173154845E-0001  1.19313465263867E-0001  6.52417908048635E-0002  6.00571882793531E-0002  5.60330345527815E-0003  7.24946487663092E-0002  2.76444544098659E-0002 
 1.72000000000000E+0000  4.89720429192857E-0001  4.33289376134820E-0001  1.41541859007826E-0001  1.19528054786693E-0001  6.49195519598105E-0002  5.86605094821588E-0002  5.60330345527815E-0003  7.21473753976427E-0002  2.73197751034474E-0002 
 1.76000000000000E+0000  4.86006404984515E-0001  4.30570170742880E-0001  1.40062051610180E-0001  1.19636805238506E-0001  6.45697729471690E-0002  5.73273160848370E-0002  5.60330345527815E-0003  7.18076201978093E-0002  2.69995354507347E-0002 
 1.80000000000000E+0000  4.82267759264420E-0001  4.27818701017754E-0001  1.38595751283294E-0001  1.19661715047642E-0001  6.41951300401263E-0002  5.60533757273962E-0002  5.60330345527815E-0003  7.14748479906990E-0002  2.66836357199827E-0002 
 1.84000000000000E+0000  4.78522213265822E-0001  4.25050704820116E-0001  1.37142963720058E-0001  1.19622499822141E-0001  6.37980355503823E-0002  5.48348240811485E-0002  5.60330345527815E-0003  7.11486024200584E-0002  2.63719842167545E-0002 
 1.88000000000000E+0000  4.74785465989317E-0001  4.22280228424920E-0001  1.35703698351595E-0001  1.19536681860412E-0001  6.33806691620689E-0002  5.36681256964432E-0002  5.60330345527815E-0003  7.08284911404133E-0002  2.60644963231052E-0002 
 1.92000000000000E+0000  4.71071259220727E-0001  4.19519647525912E-0001  1.34277966963017E-0001  1.19419676152136E-0001  6.29450049507865E-0002  5.25500397444339E-0002  5.60330345527815E-0003  7.05141742965504E-0002  2.57610936585246E-0002 
 1.96000000000000E+0000  4.67391442497016E-0001  4.16779693853986E-0001  1.32865782522867E-0001  1.19284873007018E-0001  6.24928347598876E-0002  5.14775899537312E-0002  5.60330345527815E-0003  7.02053554522694E-0002  2.54617033459644E-0002 
 2.00000000000000E+0000  4.63245664342840E-0001  4.13559113007385E-0001  1.31467158196181E-0001  1.18633344308807E-0001  6.20257884898564E-0002  5.04480381546566E-0002  5.60330345527815E-0003  6.99017743692730E-0002  2.51662573687880E-0002 
 2.04000000000000E+0000  4.59892388116331E-0001  4.11115651197836E-0001  1.30082106515507E-0001  1.18724872238980E-0001  6.15453517623925E-0002  4.94588609359378E-0002  5.60330345527815E-0003  6.96032012016662E-0002  2.48746920065680E-0002 
 2.08000000000000E+0000  4.56580270448410E-0001  4.08697408342540E-0001  1.28710638687916E-0001  1.18809338840534E-0001  6.10528813440667E-0002  4.85077289948621E-0002  5.60330345527815E-0003  6.93094317863402E-0002  2.45869473394123E-0002 
 2.12000000000000E+0000  4.53306206273147E-0001  4.06300861015787E-0001  1.27352764019189E-0001  1.18884780719036E-0001  6.05496186516637E-0002  4.75924888251477E-0002  5.60330345527815E-0003  6.90202837908596E-0002  2.43029668119720E-0002 
 2.16000000000000E+0000  4.50067354466114E-0001  4.03922868855685E-0001  1.26008489438998E-0001  1.18949423134061E-0001  6.00367016097970E-0002  4.67111464394968E-0002  5.60330345527815E-0003  6.87355935389547E-0002  2.40226968495277E-0002 
 2.20000000000000E+0000  4.46861123023094E-0001  4.01560642991284E-0001  1.24677819113167E-0001  1.19001672601957E-0001  5.95151750888911E-0002  4.58618528678696E-0002  5.60330345527815E-0003  6.84552133763296E-0002  2.37460865196004E-0002 
 2.24000000000000E+0000  4.43685155405275E-0001  3.99211717796831E-0001  1.23360754130995E-0001  1.19040109788666E-0001  5.89860001164649E-0002  4.50428912095148E-0002  5.60330345527815E-0003  6.81790094709273E-0002  2.34730872334283E-0002 
 2.28000000000000E+0000  4.40537317914803E-0001  3.96873925559098E-0001  1.22057292257272E-0001  1.19063482681225E-0001  5.84500620254331E-0002  4.42526650479444E-0002  5.60330345527815E-0003  6.79068599652432E-0002  2.32036524824064E-0002 
 2.32000000000000E+0000  4.37415687986670E-0001  3.94545373702032E-0001  1.20767427740030E-0001  1.19070700027008E-0001  5.79081776787935E-0002  4.34896880643591E-0002  5.60330345527815E-0003  6.76386534159610E-0002  2.29377376052395E-0002 
 2.36000000000000E+0000  4.34318543300527E-0001  3.92224424262008E-0001  1.19491151166239E-0001  1.19060825030222E-0001  5.73611018896909E-0002  4.27525747073361E-0002  5.60330345527815E-0003  6.73742874696524E-0002  2.26752995821079E-0002 
 2.40000000000000E+0000  4.31244351630122E-0001  3.89909675348417E-0001  1.18228449358717E-0001  1.19033069295572E-0001  5.68095331387515E-0002  4.20400317955472E-0002  5.60330345527815E-0003  6.71136677336291E-0002  2.24162968526259E-0002 
 2.44000000000000E+0000  4.28191761359543E-0001  3.87599944359567E-0001  1.16979305308408E-0001  1.18986787009392E-0001  5.62541186761815E-0002  4.13508509464398E-0002  5.60330345527815E-0003  6.68567068090624E-0002  2.21606891547801E-0002 
 2.48000000000000E+0000  4.25159592604886E-0001  3.85294252753911E-0001  1.15743698136933E-0001  1.18921469348939E-0001  5.56954590839674E-0002  4.06839017376263E-0002  5.60330345527815E-0003  6.66033234597534E-0002  2.19084373823889E-0002 
 2.52000000000000E+0000  4.22146828887767E-0001  3.82991812202354E-0001  1.14521603085001E-0001  1.18836739110903E-0001  5.51341123632106E-0002  4.00381255195687E-0002  5.60330345527815E-0003  6.63534418948765E-0002  2.16595034589283E-0002 
 2.56000000000000E+0000  4.19152609313619E-0001  3.80692011969441E-0001  1.13312991522828E-0001  1.18732345550535E-0001  5.45705976028833E-0002  3.94125298083255E-0002  5.60330345527815E-0003  6.61069911479341E-0002  2.14138502258344E-0002 
 2.60000000000000E+0000  4.16176221213263E-0001  3.78394407390291E-0001  1.12117830979216E-0001  1.18608159423135E-0001  5.40053982788345E-0002  3.88061831958897E-0002  5.60330345527815E-0003  6.58639045372872E-0002  2.11714413436217E-0002 
 2.64000000000000E+0000  4.13293231685811E-0001  3.76174847801464E-0001  1.10936085186366E-0001  1.18464168219969E-0001  5.34389652255108E-0002  3.82182107232247E-0002  5.67944193024214E-0003  6.56241191961416E-0002  2.09322412043560E-0002 
 2.68000000000000E+0000  4.10439071204338E-0001  3.73969057017487E-0001  1.09767714137903E-0001  1.18300471590983E-0001  5.28717193174038E-0002  3.76477896676542E-0002  5.76758597430395E-0003  6.53875756618959E-0002  2.06962148541932E-0002 
 2.72000000000000E+0000  4.07598865476566E-0001  3.71762462484485E-0001  1.08612674157873E-0001  1.18117276947003E-0001  5.23040538925532E-0002  3.70941457019534E-0002  5.85316933591918E-0003  6.51542175164151E-0002  2.04633279248487E-0002 
 2.76000000000000E+0000  4.04772467133503E-0001  3.69555224630721E-0001  1.07470917978811E-0001  1.17914895234365E-0001  5.17363369464098E-0002  3.65565493874323E-0002  5.93622994335518E-0003  6.49239910701363E-0002  2.02335465729925E-0002 
 2.80000000000000E+0000  4.01959850155067E-0001  3.67347629276714E-0001  1.06342394827177E-0001  1.17693736875234E-0001  5.11689131208840E-0002  3.60343129676118E-0002  6.01680985344865E-0003  6.46968450840277E-0002  2.00068374266829E-0002 
 2.84000000000000E+0000  3.99161104025433E-0001  3.65140080057075E-0001  1.05227050514717E-0001  1.17454307867099E-0001  5.06021055104035E-0002  3.55267874328568E-0002  6.09495463796901E-0003  6.44727305243346E-0002  1.97831675380525E-0002 
 2.88000000000000E+0000  3.96376428209373E-0001  3.62933091409891E-0001  1.04124827534472E-0001  1.17197206035210E-0001  5.00362173041994E-0002  3.50333598296226E-0002  6.17071281851323E-0003  6.42516003458052E-0002  1.95625043415491E-0002 
 2.92000000000000E+0000  3.93606126930494E-0001  3.60727282083527E-0001  1.03035665160335E-0001  1.16923117431963E-0001  4.94715332817803E-0002  3.45534507908607E-0002  6.24413534871792E-0003  6.40334092997215E-0002  1.93448156171146E-0002 
 2.96000000000000E+0000  3.90850604233402E-0001  3.58523369115713E-0001  1.01959499549192E-0001  1.16632812877461E-0001  4.89083211765844E-0002  3.40865122666599E-0002  6.31527514215997E-0003  6.38181137635910E-0002  1.91300694577520E-0002 
 3.00000000000000E+0000  3.88110359312884E-0001  3.56322162244220E-0001  1.00896263844839E-0001  1.16327144635727E-0001  4.83468329210876E-0002  3.36320254364377E-0002  6.38418664400175E-0003  6.36056715897965E-0002  1.89182342409932E-0002 
 3.04000000000000E+0000  3.85385982094194E-0001  3.54124558712385E-0001  9.98458882829309E-0002  1.16007043221240E-0001  4.77873057851447E-0002  3.31894987859583E-0002  6.45092544420781E-0003  6.33960419708773E-0002  1.87092786038338E-0002 
 3.08000000000000E+0000  3.82678149049476E-0001  3.51931538436262E-0001  9.88083002963748E-0002  1.15673514330693E-0001  4.72299634180292E-0002  3.27584663341926E-0002  6.51554793000485E-0003  6.31891853194316E-0002  1.85031714207497E-0002 
 3.12000000000000E+0000  3.79987619236246E-0001  3.49744159503299E-0001  9.77834246206175E-0002  1.15327635895054E-0001  4.66750168034882E-0002  3.23384859965747E-0002  6.57811097516409E-0003  6.29850631608980E-0002  1.82998817844497E-0002 
 3.16000000000000E+0000  3.77315230544700E-0001  3.47563553975300E-0001  9.67711833983839E-0002  1.14970555247221E-0001  4.61226651361171E-0002  3.19291380725675E-0002  6.63867166364466E-0003  6.27836380377043E-0002  1.80993789890608E-0002 
 3.20000000000000E+0000  3.74661896141416E-0001  3.45390923970911E-0001  9.57714962834778E-0002  1.14603486400735E-0001  4.55730966264685E-0002  3.15300238466604E-0002  6.69728704513893E-0003  6.25848734234652E-0002  1.79016325154703E-0002 
 3.24000000000000E+0000  3.72028601097794E-0001  3.43227538005170E-0001  9.47842805433152E-0002  1.14227707435190E-0001  4.50264892415286E-0002  3.11407642929979E-0002  6.75401392009725E-0003  6.23887336460807E-0002  1.77066120185838E-0002 
 3.28000000000000E+0000  3.69416399192260E-0001  3.41074727565698E-0001  9.38094511599178E-0002  1.13844557984171E-0001  4.44830113864982E-0002  3.07609988747906E-0002  6.80890865187343E-0003  6.21951838187296E-0002  1.75142873162793E-0002 
 3.32000000000000E+0000  3.66826409875999E-0001  3.38933883906944E-0001  9.28469209291318E-0002  1.13455436821687E-0001  4.39428225332048E-0002  3.03903844305160E-0002  6.86202700371713E-0003  6.20041897778753E-0002  1.73246283798664E-0002 
 3.36000000000000E+0000  3.64259815392558E-0001  3.36806455045568E-0001  9.18966005578839E-0002  1.13061799543240E-0001  4.34060737999304E-0002  3.00285941396765E-0002  6.91342399843890E-0003  6.18157180275126E-0002  1.71376053258750E-0002 
 3.40000000000000E+0000  3.61717858042338E-0001  3.34693942941528E-0001  9.09583987593170E-0002  1.12665156337825E-0001  4.28729084869560E-0002  2.96753165615627E-0002  6.96315379868512E-0003  6.16297356889712E-0002  1.69531884090210E-0002 
 3.44000000000000E+0000  3.59201837583506E-0001  3.32597900850825E-0001  9.00322223456798E-0002  1.12267069847285E-0001  4.23434625716971E-0002  2.93302547410794E-0002  7.01126960587728E-0003  6.14462104556779E-0002  1.67713480162090E-0002 
 3.48000000000000E+0000  3.56713108761434E-0001  3.30519930837067E-0001  8.91179763188715E-0002  1.11869153109608E-0001  4.18178651669253E-0002  2.89931253762394E-0002  7.05782357599216E-0003  6.12651105523454E-0002  1.65920546614514E-0002 
 3.52000000000000E+0000  3.54253078959272E-0001  3.28461681430104E-0001  8.82155639585654E-0002  1.11473067582867E-0001  4.12962389452272E-0002  2.86636580424185E-0002  7.10286675048214E-0003  6.10864046981193E-0002  1.64152789815918E-0002 
 3.56000000000000E+0000  3.51823205962718E-0001  3.26424845421061E-0001  8.73248869078570E-0002  1.11080521246638E-0001  4.07787005325543E-0002  2.83415944689082E-0002  7.14644900075676E-0003  6.09100620732674E-0002  1.62409917327350E-0002 
 3.60000000000000E+0000  3.49424995832515E-0001  3.24411157783912E-0001  8.64458452563983E-0002  1.10693266777869E-0001  4.02653608734440E-0002  2.80266878636981E-0002  7.18861898476653E-0003  6.07360522890426E-0002  1.60691637872968E-0002 
 3.64000000000000E+0000  3.47060000878620E-0001  3.22422393714665E-0001  8.55783376209953E-0002  1.10313099798266E-0001  3.97563255702489E-0002  2.77187022827783E-0002  7.22942411434548E-0003  6.05643453603909E-0002  1.58997661315945E-0002 
 3.68000000000000E+0000  3.44729817730349E-0001  3.20460366779899E-0001  8.47222612236624E-0002  1.09941857190413E-0001  3.92516951984970E-0002  2.74174120405742E-0002  7.26891053208021E-0003  6.03949116812134E-0002  1.57327698639084E-0002 
 3.72000000000000E+0000  3.42436085497217E-0001  3.18526927167129E-0001  8.38775119671333E-0002  1.09581415479902E-0001  3.87515656003089E-0002  2.71226011584175E-0002  7.30712309657917E-0003  6.02277220019232E-0002  1.55681461929524E-0002 
 3.76000000000000E+0000  3.40180484015480E-0001  3.16623960030061E-0001  8.30439845078436E-0002  1.09233689280912E-0001  3.82560281576241E-0002  2.68340628482216E-0002  7.34410537511579E-0003  6.00627474090634E-0002  1.54058664366986E-0002 
 3.80000000000000E+0000  3.37964732175737E-0001  3.14753383922394E-0001  8.22215723264050E-0002  1.08900629802735E-0001  3.77651700468301E-0002  2.65515990287666E-0002  7.37989964271339E-0003  5.98999593067809E-0002  1.52459020215052E-0002 
 3.84000000000000E+0000  3.35790586327227E-0001  3.12917149314302E-0001  8.14101677956000E-0002  1.08584223414859E-0001  3.72790744762472E-0002  2.62750198722170E-0002  7.41454688682753E-0003  5.97393293999706E-0002  1.50882244815050E-0002 
 3.88000000000000E+0000  3.33659838754738E-0001  3.11117237186231E-0001  8.06096622459325E-0002  1.08286490268318E-0001  3.67978209077953E-0002  2.60041433786890E-0002  7.44808681686372E-0003  5.95808296789237E-0002  1.49328054582155E-0002 
 3.92000000000000E+0000  3.31574316224298E-0001  3.09355657695036E-0001  7.98199460287725E-0002  1.08009482971099E-0001  3.63214852640504E-0002  2.57387949768656E-0002  7.48055787784367E-0003  5.94244324053324E-0002  1.47796167003346E-0002 
 3.96000000000000E+0000  3.29535878594054E-0001  3.07634448907910E-0001  7.90409085771414E-0002  1.07755285315484E-0001  3.58501401217978E-0002  2.54788071488165E-0002  7.51199726760411E-0003  5.92701100995178E-0002  1.46286300636923E-0002 
 4.00000000000000E+0000  3.26972092456589E-0001  3.05381350569471E-0001  7.82724384641841E-0002  1.06951686024915E-0001  3.53838548930933E-0002  2.52240190773283E-0002  7.54244095697570E-0003  5.91178355287609E-0002  1.44798175113313E-0002 
