 Mach Number             Cd Rocket - (Unpowered) Cd - Rocket (Powered)  
 0.00000000000000E+0000  4.55566792129461E-0001  4.30151961090343E-0001 
 3.00000000000000E-0002  4.35060736577238E-0001  4.09077585586448E-0001 
 6.00000000000000E-0002  4.13144663872159E-0001  3.86400851867438E-0001 
 9.00000000000000E-0002  4.00318018468914E-0001  3.73060682762728E-0001 
 1.20000000000000E-0001  3.91351485971801E-0001  3.63701894977632E-0001 
 1.50000000000000E-0001  3.84521579736175E-0001  3.56551351444675E-0001 
 1.80000000000000E-0001  3.79055666660978E-0001  3.50811778566189E-0001 
 2.10000000000000E-0001  3.74546080490453E-0001  3.46061459614077E-0001 
 2.40000000000000E-0001  3.70754684742474E-0001  3.42053477974815E-0001 
 2.70000000000000E-0001  3.67655381453442E-0001  3.38755881421639E-0001 
 3.00000000000000E-0001  3.65081827086158E-0001  3.35998229894738E-0001 
 3.30000000000000E-0001  3.62904240961571E-0001  3.33647767189329E-0001 
 3.60000000000000E-0001  3.61074590809926E-0001  3.31654234696580E-0001 
 3.90000000000000E-0001  3.59556835314826E-0001  3.29979884688491E-0001 
 4.20000000000000E-0001  3.58322635242337E-0001  3.28595043695911E-0001 
 4.50000000000000E-0001  3.57348555139580E-0001  3.27475215433984E-0001 
 4.80000000000000E-0001  3.56614206289501E-0001  3.26599155657975E-0001 
 5.10000000000000E-0001  3.56101015436060E-0001  3.25947592685316E-0001 
 5.40000000000000E-0001  3.55791428250643E-0001  3.25502395957398E-0001 
 5.70000000000000E-0001  3.55668424883547E-0001  3.25246065810058E-0001 
 6.00000000000000E-0001  3.55721875681236E-0001  3.25168069813815E-0001 
 6.30000000000000E-0001  3.55573077194001E-0001  3.24889363991100E-0001 
 6.60000000000000E-0001  3.55631941568144E-0001  3.24819570762396E-0001 
 6.90000000000000E-0001  3.55927491573549E-0001  3.24987465005879E-0001 
 7.20000000000000E-0001  3.56321700160234E-0001  3.25254806508979E-0001 
 7.50000000000000E-0001  3.56800581138679E-0001  3.25607424962620E-0001 
 7.80000000000000E-0001  3.57900305797454E-0001  3.26629296126308E-0001 
 8.10000000000000E-0001  3.59232349740807E-0001  3.27900795320329E-0001 
 8.40000000000000E-0001  3.60601258269213E-0001  3.29207306102109E-0001 
 8.70000000000000E-0001  3.65241569714163E-0001  3.33139028235760E-0001 
 9.00000000000000E-0001  3.79081467763596E-0001  3.43258832400875E-0001 
 9.30000000000000E-0001  4.02521720958480E-0001  3.59790339810598E-0001 
 9.60000000000000E-0001  4.35566506287212E-0001  3.82737727453324E-0001 
 9.90000000000000E-0001  4.78222617152750E-0001  4.12107788732014E-0001 
 1.02000000000000E+0000  5.29589420806200E-0001  4.46999890897770E-0001 
 1.05000000000000E+0000  5.89282752088375E-0001  4.87029868791409E-0001 
 1.08000000000000E+0000  5.94611015942039E-0001  4.97911270763817E-0001 
 1.11000000000000E+0000  6.00280914899669E-0001  5.06924922708202E-0001 
 1.14000000000000E+0000  5.95663029631375E-0001  5.04124815218533E-0001 
 1.17000000000000E+0000  5.91498483591429E-0001  5.01397387079588E-0001 
 1.20000000000000E+0000  5.87535290433373E-0001  4.98628449081788E-0001 
 1.23000000000000E+0000  5.85612315818751E-0001  4.97428061095125E-0001 
 1.26000000000000E+0000  5.83414234873849E-0001  4.95952566778184E-0001 
 1.29000000000000E+0000  5.80973917672409E-0001  4.94234836204704E-0001 
 1.32000000000000E+0000  5.78547921104314E-0001  4.92431031524541E-0001 
 1.35000000000000E+0000  5.76053438074097E-0001  4.90507431852325E-0001 
 1.38000000000000E+0000  5.73455510380057E-0001  4.88455990791586E-0001 
 1.41000000000000E+0000  5.69923911570929E-0001  4.85825296489142E-0001 
 1.44000000000000E+0000  5.66279654816251E-0001  4.83081944241147E-0001 
 1.47000000000000E+0000  5.62543149830070E-0001  4.80246343761650E-0001 
 1.50000000000000E+0000  5.58282012126726E-0001  4.77086356517771E-0001 
 1.53000000000000E+0000  5.54284466296912E-0001  4.74052177402236E-0001 
 1.56000000000000E+0000  5.50634894000338E-0001  4.71375688728631E-0001 
 1.59000000000000E+0000  5.46610111733739E-0001  4.68330818991188E-0001 
 1.62000000000000E+0000  5.42574940242109E-0001  4.65279819301609E-0001 
 1.65000000000000E+0000  5.38535274114746E-0001  4.62226301532203E-0001 
 1.68000000000000E+0000  5.34496436725102E-0001  4.59173564796117E-0001 
 1.71000000000000E+0000  5.30463227467615E-0001  4.56124616954039E-0001 
 1.74000000000000E+0000  5.26439965565782E-0001  4.53082195175212E-0001 
 1.77000000000000E+0000  5.22423680473211E-0001  4.50041935345944E-0001 
 1.80000000000000E+0000  5.18435041465396E-0001  4.47023282712636E-0001 
 1.83000000000000E+0000  5.14464782669809E-0001  4.44015899813515E-0001 
 1.86000000000000E+0000  5.10515712233789E-0001  4.41021660221701E-0001 
 1.89000000000000E+0000  5.06590333843938E-0001  4.38042256152133E-0001 
 1.92000000000000E+0000  5.02690873240305E-0001  4.35079212429046E-0001 
 1.95000000000000E+0000  4.98819302601066E-0001  4.32133899556691E-0001 
 1.98000000000000E+0000  4.94977362945819E-0001  4.29207545920942E-0001 
 2.01000000000000E+0000  4.91166584699552E-0001  4.26301249154816E-0001 
 2.04000000000000E+0000  4.87388306552685E-0001  4.23415986704827E-0001 
 2.07000000000000E+0000  4.83643692745515E-0001  4.20552625637525E-0001 
 2.10000000000000E+0000  4.79933748898079E-0001  4.17711931727031E-0001 
 2.13000000000000E+0000  4.76259336499124E-0001  4.14894577864854E-0001 
 2.16000000000000E+0000  4.72621186160572E-0001  4.12101151833184E-0001 
 2.19000000000000E+0000  4.69019909736707E-0001  4.09332163482103E-0001 
 2.22000000000000E+0000  4.65456011400440E-0001  4.06588051350121E-0001 
 2.25000000000000E+0000  4.61929897762295E-0001  4.03869188765990E-0001 
 2.28000000000000E+0000  4.58441887111483E-0001  4.01175889468196E-0001 
 2.31000000000000E+0000  4.54992217852371E-0001  3.98508412776755E-0001 
 2.34000000000000E+0000  4.51581056204016E-0001  3.95866968350100E-0001 
 2.37000000000000E+0000  4.48208503225079E-0001  3.93251720558016E-0001 
 2.40000000000000E+0000  4.44874601221496E-0001  3.90662792499657E-0001 
 2.43000000000000E+0000  4.41579339589596E-0001  3.88100269693891E-0001 
 2.46000000000000E+0000  4.38322660143074E-0001  3.85564203467370E-0001 
 2.49000000000000E+0000  4.35104461968203E-0001  3.83054614064004E-0001 
 2.52000000000000E+0000  4.31924605847986E-0001  3.80571493497871E-0001 
 2.55000000000000E+0000  4.28782918292511E-0001  3.78114808169961E-0001 
 2.58000000000000E+0000  4.25679195209626E-0001  3.75684501267698E-0001 
 2.61000000000000E+0000  4.22613205247169E-0001  3.73280494964730E-0001 
 2.64000000000000E+0000  4.19584692835278E-0001  3.70902692437161E-0001 
 2.67000000000000E+0000  4.16593380954908E-0001  3.68550979711151E-0001 
 2.70000000000000E+0000  4.13638973656389E-0001  3.66225227355642E-0001 
 2.73000000000000E+0000  4.10721158349834E-0001  3.63925292032886E-0001 
 2.76000000000000E+0000  4.07989010504741E-0001  3.61800420535875E-0001 
 2.79000000000000E+0000  4.05297780760940E-0001  3.59706036307397E-0001 
 2.82000000000000E+0000  4.02641073634642E-0001  3.57635917617705E-0001 
 2.85000000000000E+0000  4.00018487176219E-0001  3.55589836751367E-0001 
 2.88000000000000E+0000  3.97429614388013E-0001  3.53567561006067E-0001 
 2.91000000000000E+0000  3.94874044377279E-0001  3.51568853473482E-0001 
 2.94000000000000E+0000  3.92351363394612E-0001  3.49593473748061E-0001 
 2.97000000000000E+0000  3.89861155768066E-0001  3.47641178569858E-0001 
 3.00000000000000E+0000  3.87403004742322E-0001  3.45711722407028E-0001 
