 Mach Number             Cd Rocket - (Unpowered) Cd - Rocket (Powered)   Body Skin Friction      Nose Pressure Drag      Base Drag               Body Pressure Drag      Fin Pressure Drag       Interference Drag       Fin Skin Friction      
 0.00000000000000E+0000  3.72138294455389E-0001  3.50385488696360E-0001  2.03303281631329E-0001  0.00000000000000E+0000  1.69569998586309E-0002  1.18793903686378E-0002  1.96871161250619E-0005  3.20202668569343E-0002  1.07958668623731E-0001 
 2.00000000000000E-0002  4.15100470144909E-0001  3.95645265911281E-0001  2.54157754341329E-0001  0.00000000000000E+0000  1.51659468251508E-0002  1.48509121683146E-0002  1.96942641584276E-0005  4.00298463087593E-0002  9.08763162371969E-0002 
 4.00000000000000E-0002  3.93221516300607E-0001  3.73491794420693E-0001  2.47134300403294E-0001  0.00000000000000E+0000  1.53799420099940E-0002  1.44405186400028E-0002  1.97443000677016E-0005  3.89236523135189E-0002  7.73233586337289E-0002 
 6.00000000000000E-0002  3.79229325992878E-0001  3.59247137873163E-0001  2.40928882576450E-0001  0.00000000000000E+0000  1.55767474262709E-0002  1.40779244891652E-0002  1.98801089608481E-0005  3.79462990057908E-0002  7.06795923862398E-0002 
 8.00000000000000E-0002  3.69030048239232E-0001  3.48835632007407E-0001  2.35891529405547E-0001  0.00000000000000E+0000  1.57421859497845E-0002  1.37835825372711E-0002  2.01445669129823E-0005  3.71529158813737E-0002  6.64396898983423E-0002 
 1.00000000000000E-0001  3.61029275956760E-0001  3.40653190914979E-0001  2.31703963994229E-0001  0.00000000000000E+0000  1.58838025310609E-0002  1.35388952709561E-0002  2.05805305467766E-0005  3.64933743290911E-0002  6.33886593008762E-0002 
 1.20000000000000E-0001  3.54453367776105E-0001  3.33918272959186E-0001  2.28129541630446E-0001  0.00000000000000E+0000  1.60077556782730E-0002  1.33300350978145E-0002  2.12308224524535E-0005  3.59304028067953E-0002  6.10344017403234E-0002 
 1.40000000000000E-0001  3.48870429050047E-0001  3.28193504722270E-0001  2.25010650961335E-0001  0.00000000000000E+0000  1.61183162662821E-0002  1.31477924921951E-0002  2.21382124583567E-0005  3.54391775264103E-0002  5.91323535913661E-0002 
 1.60000000000000E-0001  3.44015567176279E-0001  3.23210171520621E-0001  2.22240391990660E-0001  0.00000000000000E+0000  1.62184637283083E-0002  1.29859210877061E-0002  2.33453947699275E-0005  3.50028617385289E-0002  5.75445832363058E-0002 
 1.80000000000000E-0001  3.39715002068053E-0001  3.18791752517543E-0001  2.19743826568838E-0001  0.00000000000000E+0000  1.63103345655920E-0002  1.28400421083376E-0002  2.48949610034352E-0005  3.46096526845920E-0002  5.61862511796893E-0002 
 2.00000000000000E-0001  3.35848815464988E-0001  3.14816307224433E-0001  2.17466726542805E-0001  0.00000000000000E+0000  1.63955051689689E-0002  1.27069869018469E-0002  2.68293691509856E-0005  3.42510094304918E-0002  5.50017580517238E-0002 
 2.20000000000000E-0001  3.32330935986428E-0001  3.11196233492087E-0001  2.15368743890408E-0001  0.00000000000000E+0000  1.64751688209224E-0002  1.25843978579590E-0002  2.91909085251410E-0005  3.39205771627393E-0002  5.39528573458734E-0002 
 2.40000000000000E-0001  3.29097610141880E-0001  3.07866593088808E-0001  2.13419134513475E-0001  0.00000000000000E+0000  1.65502490646798E-0002  1.24704785416101E-0002  3.20216607448693E-0005  3.36135136858724E-0002  5.30122126754974E-0002 
 2.60000000000000E-0001  3.26213793662618E-0001  3.04891407145015E-0001  2.11593990597812E-0001  0.00000000000000E+0000  1.66214744511561E-0002  1.23638319745742E-0002  3.53634568394519E-0005  3.33260535191553E-0002  5.22730796630809E-0002 
 2.80000000000000E-0001  3.23636777533651E-0001  3.02227217142804E-0001  2.09874392902460E-0001  0.00000000000000E+0000  1.66894292415706E-0002  1.22633526702748E-0002  3.92578305633362E-0005  3.30552168821375E-0002  5.17151280066442E-0002 
 3.00000000000000E-0001  3.21222374084243E-0001  2.99729225719588E-0001  2.08245142290062E-0001  0.00000000000000E+0000  1.67545887099964E-0002  1.21681525147352E-0002  4.37459680326380E-0005  3.27986099106847E-0002  5.12121346907318E-0002 
 3.20000000000000E-0001  3.18947353194958E-0001  2.97373700594321E-0001  2.06693867033233E-0001  0.00000000000000E+0000  1.68173443072889E-0002  1.20775086048228E-0002  4.88686538129699E-0005  3.25542840577342E-0002  5.07554805380665E-0002 
 3.40000000000000E-0001  3.16792808232481E-0001  2.95141317004594E-0001  2.05210380592736E-0001  0.00000000000000E+0000  1.68780219782928E-0002  1.19908257220290E-0002  5.46662136083710E-0005  3.23206349433559E-0002  5.03382787824585E-0002 
 3.60000000000000E-0001  3.14743172028477E-0001  2.93016156257882E-0001  2.03786210460435E-0001  0.00000000000000E+0000  1.69368957472314E-0002  1.19076088018829E-0002  6.11784537221949E-0005  3.20963281475185E-0002  4.99549504176866E-0002 
 3.80000000000000E-0001  3.12785495962523E-0001  2.90984971670490E-0001  2.02414246414728E-0001  0.00000000000000E+0000  1.69941979638491E-0002  1.18274423808595E-0002  6.84445974827197E-0005  3.18802438103196E-0002  4.96009207952846E-0002 
 4.00000000000000E-0001  3.10908912216414E-0001  2.89036640758431E-0001  2.01088473784894E-0001  0.00000000000000E+0000  1.70501271481726E-0002  1.17499750105176E-0002  7.65032188487813E-0005  3.16714346211208E-0002  4.92723984328600E-0002 
 4.20000000000000E-0001  3.09104226195071E-0001  2.87161749848363E-0001  1.99803768312901E-0001  0.00000000000000E+0000  1.71048540786374E-0002  1.16749072708921E-0002  8.53921734337135E-0005  3.14690935092820E-0002  4.89662108499246E-0002 
 4.40000000000000E-0001  3.07363603154599E-0001  2.85352274569754E-0001  1.98555736368563E-0001  0.00000000000000E+0000  1.71585265752010E-0002  1.16019824339668E-0002  9.51485272090695E-0005  3.12725284780486E-0002  4.86796807716105E-0002 
 4.60000000000000E-0001  3.05680324139697E-0001  2.83601330917722E-0001  1.97340589046199E-0001  0.00000000000000E+0000  1.72112732992308E-0002  1.15309791069082E-0002  1.05808483172769E-0004  3.10811427747764E-0002  4.84105314294093E-0002 
 4.80000000000000E-0001  3.04048593672997E-0001  2.81902979030344E-0001  1.96155041909746E-0001  0.00000000000000E+0000  1.72632068030532E-0002  1.14617053739840E-0002  1.17407306289217E-0004  3.08944191007850E-0002  4.81568131791395E-0002 
 5.00000000000000E-0001  3.02463386608542E-0001  2.80252066873329E-0001  1.94996234390083E-0001  0.00000000000000E+0000  1.73144260001340E-0002  1.13939940867990E-0002  1.29979247031263E-0004  3.07119069164380E-0002  4.79168459680564E-0002 
 5.20000000000000E-0001  3.00920324987909E-0001  2.78644104507443E-0001  1.93861664408166E-0001  0.00000000000000E+0000  1.73650181830596E-0002  1.13276990442026E-0002  1.43557463875438E-0004  3.05332121442861E-0002  4.76891737443199E-0002 
 5.40000000000000E-0001  2.99415578139128E-0001  2.77075162055968E-0001  1.92749134915584E-0001  0.00000000000000E+0000  1.74150606850635E-0002  1.12626918685537E-0002  1.58173945122257E-0004  3.03579887492045E-0002  4.74725279755991E-0002 
 5.60000000000000E-0001  2.97945780967487E-0001  2.75541786227852E-0001  1.91656709851352E-0001  0.00000000000000E+0000  1.74646222579849E-0002  1.11988594321938E-0002  1.73859430432404E-0004  3.01859318015879E-0002  4.72657981939364E-0002 
 5.80000000000000E-0001  2.96507966620471E-0001  2.74040931506800E-0001  1.90582677603856E-0001  0.00000000000000E+0000  1.75137642227247E-0002  1.11361017224602E-0002  1.90643332486888E-0004  3.00167717226074E-0002  4.70680080163352E-0002 
 6.00000000000000E-0001  2.95099510610140E-0001  2.72569903033826E-0001  1.89525520503396E-0001  0.00000000000000E+0000  1.75625414357406E-0002  1.10743300590784E-0002  2.08553659194531E-0004  2.98502694792849E-0002  4.68782954734452E-0002 
 6.20000000000000E-0001  2.93274638415907E-0001  2.70682863162407E-0001  1.88483889197066E-0001  0.00000000000000E+0000  1.76110031056945E-0002  1.10134655968385E-0002  2.27616936883126E-0004  2.96862125485379E-0002  4.62524510308873E-0002 
 6.40000000000000E-0001  2.91481603564492E-0001  2.68828008648477E-0001  1.87456581004264E-0001  0.00000000000000E+0000  1.76591934872076E-0002  1.09534380608673E-0002  2.47858134921006E-0004  2.95244115081716E-0002  4.56401213690604E-0002 
 6.60000000000000E-0001  2.89718304287185E-0001  2.67003186547850E-0001  1.86442521539004E-0001  0.00000000000000E+0000  1.77071524731837E-0002  1.08941846727853E-0002  2.69300592223302E-0004  2.93646971423931E-0002  4.50404478675951E-0002 
 6.80000000000000E-0001  2.87982858374995E-0001  2.65206468419554E-0001  1.85440749029757E-0001  0.00000000000000E+0000  1.77549161029132E-0002  1.08356492344864E-0002  2.91965946101648E-0004  2.92069179721867E-0002  4.44526600895499E-0002 
 7.00000000000000E-0001  2.86273576064891E-0001  2.63436122650478E-0001  1.84450400879643E-0001  0.00000000000000E+0000  1.78025169998565E-0002  1.07777813428239E-0002  3.15874063917222E-0004  2.90509381385438E-0002  4.38760646401063E-0002 
 7.20000000000000E-0001  2.84588936805481E-0001  2.61690590735168E-0001  1.83470702097392E-0001  0.00000000000000E+0000  1.78499847504041E-0002  1.07205357136110E-0002  3.41042977994669E-0004  2.88966355803393E-0002  4.33100356857390E-0002 
 7.40000000000000E-0001  2.82927569261116E-0001  2.59968466857924E-0001  1.82500955298463E-0001  0.00000000000000E+0000  1.78973462328468E-0002  1.06638715973666E-0002  3.67488824248421E-0004  2.87439004595079E-0002  4.27540068486831E-0002 
 7.60000000000000E-0001  2.81295178948142E-0001  2.58275425161168E-0001  1.81540532030375E-0001  6.94491467694256E-0006  1.79446259041515E-0002  1.06077522724389E-0002  3.95225784963148E-0004  2.85926337947841E-0002  4.22074642467523E-0002 
 7.80000000000000E-0001  2.79732312906775E-0001  2.56651984095505E-0001  1.80588865219937E-0001  6.25042320924830E-0005  1.79918460508207E-0002  1.05521446036824E-0002  4.24266036156398E-0004  2.84427462721400E-0002  4.16699404919462E-0002 
 8.00000000000000E-0001  2.78244897509010E-0001  2.55104043945222E-0001  1.79645442575033E-0001  1.73622866923564E-0004  1.80390270090501E-0002  1.04970186569121E-0002  4.54619699933935E-0004  2.82941572055677E-0002  4.11410094955895E-0002 
 8.20000000000000E-0001  2.76799816452317E-0001  2.53598464573346E-0001  1.78709800801957E-0001  3.40300819170185E-0004  1.80861873585410E-0002  1.04101570890550E-0002  4.86294802226891E-0004  2.81467936263082E-0002  4.06202819550587E-0002 
 8.40000000000000E-0001  2.75364902227537E-0001  2.52103056670030E-0001  1.77781520522169E-0001  5.62538088832346E-0004  1.81333440936193E-0002  1.02602113853800E-0002  5.19297236274554E-0004  2.80005894822417E-0002  4.01074014190198E-0002 
 8.60000000000000E-0001  2.74005341808096E-0001  2.50606739924892E-0001  1.76860221791139E-0001  8.40334675910048E-0004  1.82448926110717E-0002  1.00487362199583E-0002  5.53630732187767E-0004  2.78554849321044E-0002  3.96020408457241E-0002 
 8.80000000000000E-0001  2.73438801704459E-0001  2.48946149215681E-0001  1.75945560137257E-0001  1.17369058040329E-0003  1.91372807506904E-0002  9.77764809841535E-0003  5.89296832895393E-0004  2.77114257216180E-0002  3.91038995831799E-0002 
 9.00000000000000E-0001  2.73778454640812E-0001  2.47097700940885E-0001  1.75037223051493E-0001  1.56260580231207E-0003  2.09220570299280E-0002  9.44921053808465E-0003  6.26294876740617E-0004  2.75683626306102E-0002  3.86127007116428E-0002 
 9.20000000000000E-0001  2.75026307491050E-0001  2.45063401974400E-0001  1.74134926868939E-0001  2.00708034163640E-0003  2.35992214487843E-0002  9.06601716450079E-0003  6.64621986955057E-0004  2.74262509818578E-0002  3.81281886983773E-0002 
 9.40000000000000E-0001  2.77184725647196E-0001  2.42845617708248E-0001  1.73238413992086E-0001  2.50711419837626E-0003  2.71687740072593E-0002  8.63097285505575E-0003  7.04273068197151E-0004  2.72850502037535E-0002  3.76501273224681E-0002 
 9.60000000000000E-0001  2.80256407646548E-0001  2.40447046679729E-0001  1.72347450412981E-0001  3.06270737253166E-0003  3.16307147053531E-0002  8.14727307142348E-0003  7.45240810297501E-0004  2.71447234400446E-0002  3.71782978339168E-0002 
 9.80000000000000E-0001  2.84244358653588E-0001  2.37870694053323E-0001  1.71461823497476E-0001  3.67385986410261E-0003  3.69850435430657E-0002  7.61838153216018E-0003  7.87515699308025E-0004  2.70052372008525E-0002  3.67124973166232E-0002 
 1.00000000000000E+0000  3.55656165179761E-0001  3.01624146340475E-0001  1.70581339999927E-0001  6.49738094857956E-0002  4.32317605203971E-0002  1.29185395721839E-0002  8.31617322155348E-0004  2.68665610499886E-0002  3.62525372293134E-0002 
 1.02000000000000E+0000  4.44235837480972E-0001  3.81451413797090E-0001  1.69705824281038E-0001  6.91501853706288E-0002  5.03708656373472E-0002  3.53285704846779E-0002  8.75442317829613E-0004  8.30067072872352E-0002  3.57982421022147E-0002 
 1.04000000000000E+0000  4.93369241912126E-0001  4.20738362778076E-0001  1.68835116705183E-0001  7.30823405629760E-0002  5.84023588939161E-0002  7.51323988865279E-0002  9.20541010458269E-0004  8.16470374826548E-0002  3.53494483704102E-0002 
 1.06000000000000E+0000  5.24736840446195E-0001  4.47486897642513E-0001  1.67969072196695E-0001  7.67805474564579E-0002  6.30000237465932E-0002  1.00313168626694E-0001  9.66893666907058E-0004  8.08011314254000E-0002  3.49060033274479E-0002 
 1.08000000000000E+0000  5.24322801947655E-0001  4.50592506690877E-0001  1.67107558937237E-0001  8.02547853844481E-0002  6.34599523764507E-0002  9.78552407583355E-0002  1.01447861181801E-0003  8.01630216943504E-0002  3.44677641850157E-0002 
 1.10000000000000E+0000  5.23818707692244E-0001  4.52051396993587E-0001  1.66250457188662E-0001  8.35147464230542E-0002  6.38763374080582E-0002  9.54412168354047E-0002  1.06327227336456E-0003  7.96380803373165E-0002  3.40345972263843E-0002 
 1.12000000000000E+0000  5.23196000744668E-0001  4.52477202487035E-0001  1.65397658227716E-0001  8.65698410791937E-0002  6.42520854391175E-0002  9.30722753110760E-0002  1.11324923650706E-0003  7.91845144081210E-0002  3.36063770429373E-0002 
 1.14000000000000E+0000  5.22445557079489E-0001  4.52650754999111E-0001  1.64549063380612E-0001  8.94292038660365E-0002  6.45898660792563E-0002  9.07498860331902E-0002  1.16438230336452E-0003  7.87801695725496E-0002  3.31829858444796E-0002 
 1.16000000000000E+0000  5.21567018805176E-0001  4.52550727471742E-0001  1.63704583146952E-0001  9.21016987680482E-0002  6.48921351771954E-0002  8.84757600901067E-0002  1.21664256028980E-0003  7.84118862273846E-0002  3.27643128351994E-0002 
 1.18000000000000E+0000  5.20564480963380E-0001  4.52182676023991E-0001  1.62864136403728E-0001  9.45959245978167E-0002  6.51611554061945E-0002  8.62518019157414E-0002  1.26999945120781E-0003  7.80712095405257E-0002  3.23502536481660E-0002 
 1.20000000000000E+0000  5.19444463994356E-0001  4.51655995150736E-0001  1.62027649681223E-0001  9.69202202468074E-0002  6.53990145480592E-0002  8.40800635910943E-0002  1.32442085675058E-0003  7.77523852383003E-0002  3.19407098321212E-0002 
 1.22000000000000E+0000  5.19589461052302E-0001  4.52168290835512E-0001  1.61195056503553E-0001  9.90826698321464E-0002  6.56076417672243E-0002  8.27017018928796E-0002  1.80666990331222E-0003  7.74513200256703E-0002  3.17444011275163E-0002 
 1.24000000000000E+0000  5.19902813893399E-0001  4.52848942303439E-0001  1.60366296787454E-0001  1.01091107741490E-0001  6.57888221253345E-0002  8.13678034752526E-0002  2.57391786627954E-0003  7.71649983429066E-0002  3.15498675546821E-0002 
 1.26000000000000E+0000  5.20827083353952E-0001  4.54140510390821E-0001  1.59541316293590E-0001  1.02953123578000E-0001  6.59442095520063E-0002  8.00762510391374E-0002  4.06398859009135E-0003  7.68911344690060E-0002  3.13570598321206E-0002 
 1.28000000000000E+0000  5.20524783265469E-0001  4.54205508929169E-0001  1.58720066125318E-0001  1.04676067007401E-0001  6.60753384580131E-0002  7.88250596166509E-0002  4.43436578606841E-0003  7.66279545244058E-0002  3.11659317476113E-0002 
 1.30000000000000E+0000  5.19964215687195E-0001  4.54012804792371E-0001  1.57902502270393E-0001  1.06267052509061E-0001  6.61836341521041E-0002  7.76123663917794E-0002  4.64816621725565E-0003  7.63740542172801E-0002  3.09764399293208E-0002 
 1.32000000000000E+0000  5.19250766172041E-0001  4.53589541485154E-0001  1.57088585181551E-0001  1.07732964032992E-0001  6.62704222013374E-0002  7.64364214464494E-0002  4.80552686694023E-0003  7.61283028065649E-0002  3.07885436362043E-0002 
 1.34000000000000E+0000  5.18415406402921E-0001  4.53044367923971E-0001  1.56278279392389E-0001  1.09080459564638E-0001  6.63369368565760E-0002  7.52955793353083E-0002  4.93217032459204E-0003  7.58897763635664E-0002  3.06022045658508E-0002 
 1.36000000000000E+0000  5.17474570154752E-0001  4.52393717883740E-0001  1.55471553165268E-0001  1.10315975599271E-0001  6.63843286491761E-0002  7.41882914039067E-0002  5.03932443581173E-0003  7.56577102231970E-0002  3.04173866781207E-0002 
 1.38000000000000E+0000  5.16439464576668E-0001  4.51630196833597E-0001  1.54668378168372E-0001  1.11445731527794E-0001  6.64136712514889E-0002  7.31130987748646E-0002  5.13306445758853E-0003  7.54314643634554E-0002  3.02340560331033E-0002 
 1.40000000000000E+0000  5.15318845188375E-0001  4.50967516985568E-0001  1.53868729179275E-0001  1.12475733935694E-0001  6.64259676822439E-0002  7.20686259352237E-0002  5.21711010172840E-0003  7.52104977121329E-0002  3.00521806420759E-0002 
 1.42000000000000E+0000  5.14120107747921E-0001  4.50226719085379E-0001  1.53072583812697E-0001  1.13411780816870E-0001  6.64221559279251E-0002  7.10535748657135E-0002  5.29393324108243E-0003  7.49943487533501E-0002  2.98717303302833E-0002 
 1.44000000000000E+0000  5.12849795210647E-0001  4.49414346088370E-0001  1.52279922270309E-0001  1.14259465704024E-0001  6.64031140426323E-0002  7.00667196592453E-0002  5.36527625751729E-0003  7.47826206664424E-0002  2.96926766104775E-0002 
 1.46000000000000E+0000  5.11513861199689E-0001  4.48536351617676E-0001  1.51490727110691E-0001  1.15024181717265E-0001  6.63696647814551E-0002  6.91069015817214E-0002  5.43242365990984E-0003  7.45749697823812E-0002  2.95149925662654E-0002 
 1.48000000000000E+0000  5.10117818826154E-0001  4.47598248784405E-0001  1.50704983037706E-0001  1.15711125532544E-0001  6.63225798159016E-0002  6.81730245333197E-0002  5.49635665572027E-0003  7.43710965065544E-0002  2.93386527444067E-0002 
 1.50000000000000E+0000  5.08666830426982E-0001  4.46757880712768E-0001  1.49922676705729E-0001  1.16325301271509E-0001  6.62625835742840E-0002  6.72640508728754E-0002  5.55784684621418E-0003  7.41707381010811E-0002  2.91636330552889E-0002 
 1.52000000000000E+0000  5.07151552194944E-0001  4.45731352809379E-0001  1.49143796540315E-0001  1.16871524314332E-0001  6.61903567450397E-0002  6.63789975719166E-0002  5.60330345527815E-0003  7.39736628871811E-0002  2.89899106808809E-0002 
 1.54000000000000E+0000  5.05546662744671E-0001  4.44618852965852E-0001  1.48368332573023E-0001  1.17354425037048E-0001  6.61065394766698E-0002  6.55169326683852E-0002  5.60330345527815E-0003  7.37796655447310E-0002  2.88174639895354E-0002 
 1.56000000000000E+0000  5.03901574242491E-0001  4.43469102618807E-0001  1.47596276289228E-0001  1.17778452474876E-0001  6.60117343042160E-0002  6.46769719931495E-0002  5.60330345527815E-0003  7.35885632686753E-0002  2.86462724570688E-0002 
 1.58000000000000E+0000  5.02220096025012E-0001  4.42285271705869E-0001  1.46827620487856E-0001  1.18147877913008E-0001  6.59065088288942E-0002  6.38582761451349E-0002  5.60330345527815E-0003  7.34001926012398E-0002  2.84763165936002E-0002 
 1.60000000000000E+0000  5.00505891559301E-0001  4.41070432199298E-0001  1.46062359152083E-0001  1.18466798406302E-0001  6.57913981746087E-0002  6.30600476933207E-0002  5.60330345527815E-0003  7.32144068020261E-0002  2.83075778756817E-0002 
 1.62000000000000E+0000  4.98762479176311E-0001  4.39827555631808E-0001  1.45300487330114E-0001  1.18739140229265E-0001  6.56669072425190E-0002  6.22815285859958E-0002  5.60330345527815E-0003  7.30310736498465E-0002  2.81400386832918E-0002 
 1.64000000000000E+0000  4.96993233105552E-0001  4.38559511130010E-0001  1.44542001025240E-0001  1.18968662257735E-0001  6.55335127825830E-0002  6.15219977495812E-0002  5.60330345527815E-0003  7.28500735938290E-0002  2.79736822413047E-0002 
 1.66000000000000E+0000  4.95201384747597E-0001  4.37269063879869E-0001  1.43786897094436E-0001  1.19158959283599E-0001  6.53916652990181E-0002  6.07807688610320E-0002  5.60330345527815E-0003  7.26712981891507E-0002  2.78084925650822E-0002 
 1.68000000000000E+0000  4.93390024134382E-0001  4.35958873962507E-0001  1.43035173154845E-0001  1.19313465263867E-0001  6.52417908048635E-0002  6.00571882793531E-0002  5.60330345527815E-0003  7.24946487663092E-0002  2.76444544098659E-0002 
 1.70000000000000E+0000  4.91562101537529E-0001  4.34631495509442E-0001  1.42286827497512E-0001  1.19435456505420E-0001  6.50842924392759E-0002  5.93506331231254E-0002  5.60330345527815E-0003  7.23200352932409E-0002  2.74815532236759E-0002 
 1.72000000000000E+0000  4.89720429192857E-0001  4.33289376134820E-0001  1.41541859007826E-0001  1.19528054786693E-0001  6.49195519598105E-0002  5.86605094821588E-0002  5.60330345527815E-0003  7.21473753976427E-0002  2.73197751034474E-0002 
 1.74000000000000E+0000  4.87867683115455E-0001  4.31934856608962E-0001  1.40800267092155E-0001  1.19594230417537E-0001  6.47479311207141E-0002  5.79862507524788E-0002  5.60330345527815E-0003  7.19765935231316E-0002  2.71591067541601E-0002 
 1.76000000000000E+0000  4.86006404984515E-0001  4.30570170742880E-0001  1.40062051610180E-0001  1.19636805238506E-0001  6.45697729471690E-0002  5.73273160848370E-0002  5.60330345527815E-0003  7.18076201978093E-0002  2.69995354507347E-0002 
 1.78000000000000E+0000  4.84139004081020E-0001  4.29197445457865E-0001  1.39327212812531E-0001  1.19658455560740E-0001  6.43854029144544E-0002  5.66831889378164E-0002  5.60330345527815E-0003  7.16403913977076E-0002  2.68410490024918E-0002 
 1.80000000000000E+0000  4.82267759264420E-0001  4.27818701017754E-0001  1.38595751283294E-0001  1.19661715047642E-0001  6.41951300401263E-0002  5.60533757273962E-0002  5.60330345527815E-0003  7.14748479906990E-0002  2.66836357199827E-0002 
 1.82000000000000E+0000  4.80394820976898E-0001  4.26435851404505E-0001  1.37867667887045E-0001  1.19648977539495E-0001  6.39992478965448E-0002  5.54374045655567E-0002  5.60330345527815E-0003  7.13109352489569E-0002  2.65272843840214E-0002 
 1.84000000000000E+0000  4.78522213265822E-0001  4.25050704820116E-0001  1.37142963720058E-0001  1.19622499822141E-0001  6.37980355503823E-0002  5.48348240811485E-0002  5.60330345527815E-0003  7.11486024200584E-0002  2.63719842167545E-0002 
 1.86000000000000E+0000  4.76651835816577E-0001  4.23664964300032E-0001  1.36421640065400E-0001  1.19584404340845E-0001  6.35917584351312E-0002  5.42452023168350E-0002  5.60330345527815E-0003  7.09878023484610E-0002  2.62177248546269E-0002 
 1.88000000000000E+0000  4.74785465989317E-0001  4.22280228424920E-0001  1.35703698351595E-0001  1.19536681860412E-0001  6.33806691620689E-0002  5.36681256964432E-0002  5.60330345527815E-0003  7.08284911404133E-0002  2.60644963231052E-0002 
 1.90000000000000E+0000  4.72924760854213E-0001  4.20897992119189E-0001  1.34989140114628E-0001  1.19481194072641E-0001  6.31650082746426E-0002  5.31031980575332E-0002  5.60330345527815E-0003  7.06706278664538E-0002  2.59122890130361E-0002 
 1.92000000000000E+0000  4.71071259220727E-0001  4.19519647525912E-0001  1.34277966963017E-0001  1.19419676152136E-0001  6.29450049507865E-0002  5.25500397444339E-0002  5.60330345527815E-0003  7.05141742965504E-0002  2.57610936585246E-0002 
 1.94000000000000E+0000  4.69226383657110E-0001  4.18146484948949E-0001  1.33570180545750E-0001  1.19353739261515E-0001  6.27208776572794E-0002  5.20082867573779E-0002  5.60330345527815E-0003  7.03590946636810E-0002  2.56109013162278E-0002 
 1.96000000000000E+0000  4.67391442497016E-0001  4.16779693853986E-0001  1.32865782522867E-0001  1.19284873007018E-0001  6.24928347598876E-0002  5.14775899537312E-0002  5.60330345527815E-0003  7.02053554522694E-0002  2.54617033459644E-0002 
 1.98000000000000E+0000  4.65567631830561E-0001  4.15420363921105E-0001  1.32164774538497E-0001  1.19214447845475E-0001  6.22610750927120E-0002  5.09576142976329E-0002  5.60330345527815E-0003  7.00529252084138E-0002  2.53134913925521E-0002 
 2.00000000000000E+0000  4.63245664342840E-0001  4.13559113007385E-0001  1.31467158196181E-0001  1.18633344308807E-0001  6.20257884898564E-0002  5.04480381546566E-0002  5.60330345527815E-0003  6.99017743692730E-0002  2.51662573687880E-0002 
