 Mach Number             Cd Rocket - (Unpowered) Cd - Rocket (Powered)   Body Skin Friction      Nose Pressure Drag      Base Drag               Body Pressure Drag      Fin Pressure Drag       Interference Drag       Fin Skin Friction      
 0.00000000000000E+0000  4.07680016599666E-0001  3.88148254963502E-0001  2.52169247162703E-0001  0.00000000000000E+0000  1.52256257409813E-0002  1.47347199807799E-0002  1.96871161250619E-0005  3.97166564281257E-0002  8.58140801709510E-0002 
 2.00000000000000E-0002  3.84802825357179E-0001  3.64924164929021E-0001  2.43444923542417E-0001  0.00000000000000E+0000  1.54960443174150E-0002  1.42249414609444E-0002  1.96942641584276E-0005  3.83425754579307E-0002  7.32746463143132E-0002 
 4.00000000000000E-0002  3.60175612169087E-0001  3.39777092360701E-0001  2.31194577444559E-0001  0.00000000000000E+0000  1.59012911409599E-0002  1.35091308636946E-0002  1.97443000677016E-0005  3.64131459475181E-0002  6.31377224722872E-0002 
 6.00000000000000E-0002  3.45645166830979E-0001  3.24882344357726E-0001  2.23152713131903E-0001  0.00000000000000E+0000  1.61852765865663E-0002  1.30392297155425E-0002  1.98801089608481E-0005  3.51465523182747E-0002  5.81015149697320E-0002 
 8.00000000000000E-0002  3.35418807595818E-0001  3.14374634003830E-0001  2.17225698053345E-0001  0.00000000000000E+0000  1.64045986792403E-0002  1.26929031571415E-0002  2.01445669129823E-0005  3.42130474434019E-0002  5.48624156957760E-0002 
 1.00000000000000E-0001  3.27563167003586E-0001  3.06288512006558E-0001  2.12544514377539E-0001  0.00000000000000E+0000  1.65842662217166E-0002  1.24193728539119E-0002  2.05805305467766E-0005  3.34757610144623E-0002  5.25186720054101E-0002 
 1.20000000000000E-0001  3.21198889591231E-0001  2.99728037854124E-0001  2.08677875497517E-0001  0.00000000000000E+0000  1.67372077838594E-0002  1.21934379240782E-0002  2.12308224524535E-0005  3.28667653908590E-0002  5.07023721724646E-0002 
 1.40000000000000E-0001  3.15853342815967E-0001  2.94210900153678E-0001  2.05382010736232E-0001  0.00000000000000E+0000  1.68709683353156E-0002  1.20008543917939E-0002  2.21382124583567E-0005  3.23476666909565E-0002  4.92297044492105E-0002 
 1.60000000000000E-0001  3.11243991477380E-0001  2.89448416898067E-0001  2.02506192248510E-0001  0.00000000000000E+0000  1.69903395062858E-0002  1.18328149476154E-0002  2.33453947699275E-0005  3.18947252791403E-0002  4.79965741010588E-0002 
 1.80000000000000E-0001  3.07188932438010E-0001  2.85254533766118E-0001  1.99950956943907E-0001  0.00000000000000E+0000  1.70985572757226E-0002  1.16835077774432E-0002  2.48949610034352E-0005  3.14922757186653E-0002  4.69387397612694E-0002 
 2.00000000000000E-0001  3.03564448580717E-0001  2.81502596626930E-0001  1.97647361305493E-0001  0.00000000000000E+0000  1.71979111387149E-0002  1.15489043828466E-0002  2.68293691509856E-0005  3.11294594056152E-0002  4.60139829788963E-0002 
 2.20000000000000E-0001  3.00282765201937E-0001  2.78102675772231E-0001  1.95545743384466E-0001  0.00000000000000E+0000  1.72900809895674E-0002  1.14261029234246E-0002  2.91909085251410E-0005  3.07984545830534E-0002  4.51931924128999E-0002 
 2.40000000000000E-0001  2.97279482950804E-0001  2.74988743758672E-0001  1.93609209344239E-0001  0.00000000000000E+0000  1.73763359778478E-0002  1.13129476234146E-0002  3.20216607448693E-0005  3.04934504717176E-0002  4.44555178728397E-0002 
 2.60000000000000E-0001  2.94601247775197E-0001  2.72206186710897E-0001  1.91809648960090E-0001  0.00000000000000E+0000  1.74576581756000E-0002  1.12077959498966E-0002  3.53634568394519E-0005  3.02100197112142E-0002  4.38807615215560E-0002 
 2.80000000000000E-0001  2.92206607745044E-0001  2.69712558184074E-0001  1.90125188244157E-0001  0.00000000000000E+0000  1.75348228385240E-0002  1.11093697649150E-0002  3.92578305633362E-0005  2.99447171484547E-0002  4.34532519184297E-0002 
 3.00000000000000E-0001  2.89970102225522E-0001  2.67381599095248E-0001  1.88538499914851E-0001  0.00000000000000E+0000  1.76084523821836E-0002  1.10166566030519E-0002  4.37459680326380E-0005  2.96948137365890E-0002  4.30679336208146E-0002 
 3.20000000000000E-0001  2.87868721141500E-0001  2.65189648999387E-0001  1.87035647455305E-0001  0.00000000000000E+0000  1.76790537904783E-0002  1.09288421276034E-0002  4.88686538129699E-0005  2.94581144742105E-0002  4.27181946400903E-0002 
 3.40000000000000E-0001  2.85883823424514E-0001  2.63117530408496E-0001  1.85605272891678E-0001  0.00000000000000E+0000  1.77470452193933E-0002  1.08452626709495E-0002  5.46662136083710E-0005  2.92328304804392E-0002  4.23987459484460E-0002 
 3.60000000000000E-0001  2.84000123182290E-0001  2.61149510141534E-0001  1.84238012754655E-0001  0.00000000000000E+0000  1.78127753446658E-0002  1.07653711080940E-0002  6.11784537221949E-0005  2.90174870088581E-0002  4.21052985122954E-0002 
 3.80000000000000E-0001  2.82204951852424E-0001  2.59272543071198E-0001  1.82926069545457E-0001  0.00000000000000E+0000  1.78765377105387E-0002  1.06887118166233E-0002  6.84445974827197E-0005  2.88108559534095E-0002  4.18343322289121E-0002 
 4.00000000000000E-0001  2.80487711086776E-0001  2.57475711119471E-0001  1.81662891643320E-0001  0.00000000000000E+0000  1.79385815565624E-0002  1.06149019731022E-0002  7.65032188487813E-0005  2.86119054338229E-0002  4.15829272611198E-0002 
 4.20000000000000E-0001  2.78839460284356E-0001  2.55749800148595E-0001  1.80442930391090E-0001  0.00000000000000E+0000  1.79991201132946E-0002  1.05436173591325E-0002  8.53921734337135E-0005  2.84197615365966E-0002  4.13486387108085E-0002 
 4.40000000000000E-0001  2.77252600997436E-0001  2.54086976100410E-0001  1.79261453115446E-0001  0.00000000000000E+0000  1.80583370465165E-0002  1.04745814357749E-0002  9.51485272090695E-0005  2.82336788656827E-0002  4.11294020068064E-0002 
 4.60000000000000E-0001  2.75720632224752E-0001  2.52480533787962E-0001  1.78114397351593E-0001  0.00000000000000E+0000  1.81163915254308E-0002  1.04075568256257E-0002  1.05808483172769E-0004  2.80530175828759E-0002  4.09234604560539E-0002 
 4.80000000000000E-0001  2.74237958374349E-0001  2.50924699687556E-0001  1.76998255871055E-0001  0.00000000000000E+0000  1.81734222534532E-0002  1.03423385947760E-0002  1.17407306289217E-0004  2.78772252996912E-0002  4.07293090490843E-0002 
 5.00000000000000E-0001  2.72799736905105E-0001  2.49414475425931E-0001  1.75909985046013E-0001  0.00000000000000E+0000  1.82295507066618E-0002  1.02787488983690E-0002  1.29979247031263E-0004  2.77058226447471E-0002  4.05456503622821E-0002 
 5.20000000000000E-0001  2.71401756238558E-0001  2.47945512323309E-0001  1.74846931109642E-0001  0.00000000000000E+0000  1.82848837598707E-0002  1.02166326718539E-0002  1.43557463875438E-0004  2.75383916497686E-0002  4.03713595835472E-0002 
 5.40000000000000E-0001  2.70040337030522E-0001  2.46514009909951E-0001  1.73806770293709E-0001  0.00000000000000E+0000  1.83395158342754E-0002  1.01558541331138E-0002  1.58173945122257E-0004  2.73745663212591E-0002  4.02054565030430E-0002 
 5.60000000000000E-0001  2.68712251660731E-0001  2.45116633145055E-0001  1.72787459837573E-0001  0.00000000000000E+0000  1.83935306675803E-0002  1.00962939198299E-0002  1.73859430432404E-0004  2.72140249244178E-0002  4.00470828808971E-0002 
 5.80000000000000E-0001  2.67414658069254E-0001  2.43750444368062E-0001  1.71787197594341E-0001  0.00000000000000E+0000  1.84470027834996E-0002  1.00378467291943E-0002  1.90643332486888E-0004  2.70564836211088E-0002  3.98954840086233E-0002 
 6.00000000000000E-0001  2.66145044992928E-0001  2.42412846959686E-0001  1.70804388495070E-0001  0.00000000000000E+0000  1.84999987198273E-0002  9.98041935835008E-0003  2.08553659194531E-0004  2.69016911879736E-0002  3.97499935725124E-0002 
 6.20000000000000E-0001  2.64525031345307E-0001  2.40725383397165E-0001  1.69837616528046E-0001  0.00000000000000E+0000  1.85525780610897E-0002  9.92392906708875E-0003  2.27616936883126E-0004  2.67494246031672E-0002  3.92338661490319E-0002 
 6.40000000000000E-0001  2.62934362047708E-0001  2.39067729964985E-0001  1.68885621186522E-0001  0.00000000000000E+0000  1.86047943118668E-0002  9.86830220164741E-0003  2.47858134921006E-0004  2.65994853368772E-0002  3.87283008758733E-0002 
 6.60000000000000E-0001  2.61391675246909E-0001  2.37458463020045E-0001  1.67947277562325E-0001  0.00000000000000E+0000  1.86566956393229E-0002  9.81347303154097E-0003  2.69300592223302E-0004  2.64516962160661E-0002  3.82532322054312E-0002 
 6.80000000000000E-0001  2.60038906965683E-0001  2.36039462828263E-0001  1.67021579433651E-0001  0.00000000000000E+0000  1.87083255076892E-0002  9.75938276135057E-0003  2.91965946101648E-0004  2.63058987608000E-0002  3.79517545560911E-0002 
 7.00000000000000E-0001  2.58700489736338E-0001  2.34635111499373E-0001  1.66107624826948E-0001  0.00000000000000E+0000  1.87597232229560E-0002  9.70597868707728E-0003  3.15874063917222E-0004  2.61619509102442E-0002  3.76493380251955E-0002 
 7.20000000000000E-0001  2.57375584119341E-0001  2.33244523903060E-0001  1.65204603634870E-0001  0.00000000000000E+0000  1.88109244025330E-0002  9.65321347263625E-0003  3.41042977994669E-0004  2.60197250724920E-0002  3.73460745588146E-0002 
 7.40000000000000E-0001  2.56063441629078E-0001  2.31866910073087E-0001  1.64311786952172E-0001  0.00000000000000E+0000  1.88619613818781E-0002  9.60104452673291E-0003  3.67488824248421E-0004  2.58791064449672E-0002  3.70420534990792E-0002 
 7.60000000000000E-0001  2.54770338792986E-0001  2.30508508813046E-0001  1.63428517854305E-0001  6.94491467694256E-0006  1.89128635679189E-0002  9.54943346403917E-0003  3.95225784963148E-0004  2.57399915620531E-0002  3.67373616450292E-0002 
 7.80000000000000E-0001  2.54062727770702E-0001  2.29769623976462E-0001  1.63008008121171E-0001  6.25042320924830E-0005  1.89372424949668E-0002  9.52486229512525E-0003  4.24266036156398E-0004  2.56737612790844E-0002  3.64320833121060E-0002 
 8.00000000000000E-0001  2.53414649106473E-0001  2.29090348606891E-0001  1.62590150120323E-0001  1.73622866923564E-0004  1.89615613131423E-0002  9.50044607188038E-0003  4.54619699933935E-0004  2.56079486439509E-0002  3.61263003903186E-0002 
 8.20000000000000E-0001  2.52785827593113E-0001  2.28429685495645E-0001  1.62165308938680E-0001  3.40300819170185E-0004  1.89863828454458E-0002  9.44641162863587E-0003  4.86294802226891E-0004  2.55410361578421E-0002  3.58200924011118E-0002 
 8.40000000000000E-0001  2.52147895770196E-0001  2.27759277377684E-0001  1.61733712374415E-0001  5.62538088832346E-0004  1.90116991442531E-0002  9.33405267448378E-0003  5.19297236274554E-0004  2.54730596989703E-0002  3.55135365529673E-0002 
 8.60000000000000E-0001  2.51585756804186E-0001  2.27063199018064E-0001  1.61295583360873E-0001  8.40334675910048E-0004  1.91210517740789E-0002  9.16439408603594E-0003  5.53630732187767E-0004  2.54040543793375E-0002  3.52067077957623E-0002 
 8.80000000000000E-0001  2.51782554586795E-0001  2.26188481651799E-0001  1.60851140063530E-0001  1.17369058040329E-0003  1.99958728126850E-0002  8.93882086335798E-0003  5.89296832895393E-0004  2.53340545600060E-0002  3.48996788739169E-0002 
 9.00000000000000E-0001  2.52849692559327E-0001  2.25112589326582E-0001  1.60400595975021E-0001  1.56260580231207E-0003  2.17455148898972E-0002  8.65906677093675E-0003  6.26294876740617E-0004  2.52630938660658E-0002  3.45925203783532E-0002 
 9.20000000000000E-0001  2.54789547127781E-0001  2.23837898448414E-0001  1.59944160008280E-0001  2.00708034163640E-0003  2.43699780057154E-0002  8.32720078659522E-0003  6.64621986955057E-0004  2.51912052013041E-0002  3.42853007972951E-0002 
 9.40000000000000E-0001  2.57604804809580E-0001  2.22367095534716E-0001  1.59482036587824E-0001  2.50711419837626E-0003  2.78692621601398E-0002  7.94561146652729E-0003  7.04273068197151E-0004  2.51184207625823E-0002  3.39780865659329E-0002 
 9.60000000000000E-0001  2.61298444791455E-0001  2.20703159772220E-0001  1.59014425739224E-0001  3.06270737253166E-0003  3.22433673531702E-0002  7.51698934732528E-0003  7.45240810297501E-0004  2.50447720539279E-0002  3.36709421149783E-0002 
 9.80000000000000E-0001  2.65873719661122E-0001  2.18849343748640E-0001  1.58541523176791E-0001  3.67385986410261E-0003  3.74922935848067E-0002  7.04430751763460E-0003  7.87515699308025E-0004  2.49702899003445E-0002  3.33639299181343E-0002 
 1.00000000000000E+0000  3.37838436741725E-0001  2.83313454787124E-0001  1.58063520389517E-0001  6.49738094857956E-0002  4.36160408550494E-0002  1.24013336893558E-0002  8.31617322155348E-0004  2.48950044613489E-0002  3.30571105385034E-0002 
 1.02000000000000E+0000  4.26571127434543E-0001  3.63474024288948E-0001  1.57337404239619E-0001  6.91501853706288E-0002  5.06146091638981E-0002  3.48592079647405E-0002  8.75442317829613E-0004  8.10586811307117E-0002  3.26755972471159E-0002 
 1.04000000000000E+0000  4.75829089057059E-0001  4.03088349571595E-0001  1.56608369171969E-0001  7.30823405629760E-0002  5.84879985113529E-0002  7.47124664759323E-0002  9.20541010458269E-0004  7.97213247461737E-0002  3.22960485781961E-0002 
 1.06000000000000E+0000  5.07383135961941E-0001  4.30133193158259E-0001  1.55876613971776E-0001  7.67805474564579E-0002  6.30000237465932E-0002  9.99439790232722E-0002  9.66893666907058E-0004  7.88965692549754E-0002  3.19185088419593E-0002 
 1.08000000000000E+0000  5.07230900488950E-0001  4.33500605232173E-0001  1.55142332357046E-0001  8.02547853844481E-0002  6.34599523764507E-0002  9.75378330591756E-0002  1.01447861181801E-0003  7.82784985079703E-0002  3.15430201920422E-0002 
 1.10000000000000E+0000  5.06978582633196E-0001  4.35211271934539E-0001  1.54405713089249E-0001  8.35147464230542E-0002  6.38763374080582E-0002  9.51763576079062E-0002  1.06327227336456E-0003  7.77725331416590E-0002  3.11696226899051E-0002 
 1.12000000000000E+0000  5.06597856806829E-0001  4.35879058549196E-0001  1.53666940081662E-0001  8.65698410791937E-0002  6.42520854391175E-0002  9.28604603027065E-0002  1.11324923650706E-0003  7.73369263001175E-0002  3.07983543675249E-0002 
 1.14000000000000E+0000  5.06079805989032E-0001  4.36285003908654E-0001  1.52926192505417E-0001  8.94292038660365E-0002  6.45898660792563E-0002  9.05913425368285E-0002  1.16438230336452E-0003  7.69495674097063E-0002  3.04292512884233E-0002 
 1.16000000000000E+0000  5.05424257441131E-0001  4.36407966107697E-0001  1.52183644893321E-0001  9.21016987680482E-0002  6.48921351771954E-0002  8.83704499827690E-0002  1.21664256028980E-0003  7.65973384524377E-0002  3.00623476070703E-0002 
 1.18000000000000E+0000  5.04635471859837E-0001  4.36253666920447E-0001  1.51439467241487E-0001  9.45959245978167E-0002  6.51611554061945E-0002  8.61994253889490E-0002  1.26999945120781E-0003  7.62718241474728E-0002  2.96976756267084E-0002 
 1.20000000000000E+0000  5.03720118075313E-0001  4.35931649231693E-0001  1.50693825108820E-0001  9.69202202468074E-0002  6.53990145480592E-0002  8.40800635910943E-0002  1.32442085675058E-0003  7.59673078681469E-0002  2.93352658556349E-0002 
 1.22000000000000E+0000  5.03992301146217E-0001  4.36571130929427E-0001  1.49946879714400E-0001  9.90826698321464E-0002  6.56076417672243E-0002  8.27017018928796E-0002  1.80666990331222E-0003  7.56797321813787E-0002  2.91670058548760E-0002 
 1.24000000000000E+0000  5.04425406652382E-0001  4.37371535062422E-0001  1.49198788032819E-0001  1.01091107741490E-0001  6.57888221253345E-0002  8.13678034752526E-0002  2.57391786627954E-0003  7.54061157140516E-0002  2.89988516971552E-0002 
 1.26000000000000E+0000  5.05462312476084E-0001  4.38775739512954E-0001  1.48449702887497E-0001  1.02953123578000E-0001  6.59442095520063E-0002  8.00762510391374E-0002  4.06398859009135E-0003  7.51442053575465E-0002  2.88308314718052E-0002 
 1.28000000000000E+0000  5.05265834673904E-0001  4.38946560337603E-0001  1.47699773042034E-0001  1.04676067007401E-0001  6.60753384580131E-0002  7.88250596166509E-0002  4.43436578606841E-0003  7.48922583637885E-0002  2.86629723999472E-0002 
 1.30000000000000E+0000  5.04804563593422E-0001  4.38853152698597E-0001  1.46949143289624E-0001  1.06267052509061E-0001  6.61836341521041E-0002  7.76123663917794E-0002  4.64816621725565E-0003  7.46489001778091E-0002  2.84953008557873E-0002 
 1.32000000000000E+0000  5.04184159956340E-0001  4.38522935269453E-0001  1.46197954540590E-0001  1.07732964032992E-0001  6.62704222013374E-0002  7.64364214464494E-0002  4.80552686694023E-0003  7.44130284806136E-0002  2.83278423874164E-0002 
 1.34000000000000E+0000  5.03435858251084E-0001  4.38064819772134E-0001  1.45446343908060E-0001  1.09080459564638E-0001  6.63369368565760E-0002  7.52955793353083E-0002  4.93217032459204E-0003  7.41837465247846E-0002  2.81606217371244E-0002 
 1.36000000000000E+0000  5.02576343395623E-0001  4.37495491124610E-0001  1.44694444791836E-0001  1.10315975599271E-0001  6.63843286491761E-0002  7.41882914039067E-0002  5.03932443581173E-0003  7.39603156543814E-0002  2.79936628612392E-0002 
 1.38000000000000E+0000  5.01617062669943E-0001  4.36807794926872E-0001  1.43942386960490E-0001  1.11445731527794E-0001  6.64136712514889E-0002  7.31130987748646E-0002  5.13306445758853E-0003  7.37421207482140E-0002  2.78269889495023E-0002 
 1.40000000000000E+0000  5.00567001316496E-0001  4.36215673113690E-0001  1.43190296631720E-0001  1.12475733935694E-0001  6.64259676822439E-0002  7.20686259352237E-0002  5.21711010172840E-0003  7.35286445858930E-0002  2.76606224439924E-0002 
 1.42000000000000E+0000  4.99433774969838E-0001  4.35540386307296E-0001  1.42438296551008E-0001  1.13411780816870E-0001  6.64221559279251E-0002  7.10535748657135E-0002  5.29393324108243E-0003  7.33194485096341E-0002  2.74945850576051E-0002 
 1.44000000000000E+0000  4.98224137138806E-0001  4.34788688016528E-0001  1.41686506068610E-0001  1.14259465704024E-0001  6.64031140426323E-0002  7.00667196592453E-0002  5.36527625751729E-0003  7.31141576146749E-0002  2.73288977921019E-0002 
 1.46000000000000E+0000  4.96944243164806E-0001  4.33966733582793E-0001  1.40935041214920E-0001  1.15024181717265E-0001  6.63696647814551E-0002  6.91069015817214E-0002  5.43242365990984E-0003  7.29124492537973E-0002  2.71635809557362E-0002 
 1.48000000000000E+0000  4.95599799497246E-0001  4.33080229455498E-0001  1.40184014774235E-0001  1.15711125532544E-0001  6.63225798159016E-0002  6.81730245333197E-0002  5.49635665572027E-0003  7.27140440050577E-0002  2.69986541804674E-0002 
 1.50000000000000E+0000  4.94196153856758E-0001  4.32287204142544E-0001  1.39433536356954E-0001  1.16325301271509E-0001  6.62625835742840E-0002  6.72640508728754E-0002  5.55784684621418E-0003  7.25186984961491E-0002  2.68341364387715E-0002 
 1.52000000000000E+0000  4.92724140263029E-0001  4.31303940877464E-0001  1.38683712470256E-0001  1.16871524314332E-0001  6.61903567450397E-0002  6.63789975719166E-0002  5.60330345527815E-0003  7.23261996461468E-0002  2.66700460600590E-0002 
 1.54000000000000E+0000  4.91158607973330E-0001  4.30230798194510E-0001  1.37934646587266E-0001  1.17354425037048E-0001  6.61065394766698E-0002  6.55169326683852E-0002  5.60330345527815E-0003  7.21363600019742E-0002  2.65064007467078E-0002 
 1.56000000000000E+0000  4.89549132961455E-0001  4.29116661337770E-0001  1.37186439214767E-0001  1.17778452474876E-0001  6.60117343042160E-0002  6.46769719931495E-0002  5.60330345527815E-0003  7.19490139294477E-0002  2.63432175897209E-0002 
 1.58000000000000E+0000  4.87899681863818E-0001  4.27964857544676E-0001  1.36439187959467E-0001  1.18147877913008E-0001  6.59065088288942E-0002  6.38582761451349E-0002  5.60330345527815E-0003  7.17640144780185E-0002  2.61805130840169E-0002 
 1.60000000000000E+0000  4.86214069247185E-0001  4.26778609887181E-0001  1.35692987592863E-0001  1.18466798406302E-0001  6.57913981746087E-0002  6.30600476933207E-0002  5.60330345527815E-0003  7.15812307814490E-0002  2.60183031433623E-0002 
 1.62000000000000E+0000  4.84495958631165E-0001  4.25561035086662E-0001  1.34947930114730E-0001  1.18739140229265E-0001  6.56669072425190E-0002  6.22815285859958E-0002  5.60330345527815E-0003  7.14005458884234E-0002  2.58566031149540E-0002 
 1.64000000000000E+0000  4.82748863794845E-0001  4.24315141819303E-0001  1.34204104815252E-0001  1.18968662257735E-0001  6.55335127825830E-0002  6.15219977495812E-0002  5.60330345527815E-0003  7.12218549407558E-0002  2.56954277936595E-0002 
 1.66000000000000E+0000  4.80976150305370E-0001  4.23043829437642E-0001  1.33461598335847E-0001  1.19158959283599E-0001  6.53916652990181E-0002  6.07807688610320E-0002  5.60330345527815E-0003  7.10450636346728E-0002  2.55347914359228E-0002 
 1.68000000000000E+0000  4.79181037219586E-0001  4.21749887047711E-0001  1.32720494728689E-0001  1.19313465263867E-0001  6.52417908048635E-0002  6.00571882793531E-0002  5.60330345527815E-0003  7.08700869141896E-0002  2.53747077733448E-0002 
 1.70000000000000E+0000  4.77366598920005E-0001  4.20435992891918E-0001  1.31980875514970E-0001  1.19435456505420E-0001  6.50842924392759E-0002  5.93506331231254E-0002  5.60330345527815E-0003  7.06968478559906E-0002  2.52151900259438E-0002 
 1.72000000000000E+0000  4.75535767054227E-0001  4.19104713996190E-0001  1.31242819741919E-0001  1.19528054786693E-0001  6.49195519598105E-0002  5.86605094821588E-0002  5.60330345527815E-0003  7.05252767132623E-0002  2.50562509151055E-0002 
 1.74000000000000E+0000  4.73691332553045E-0001  4.17758506046552E-0001  1.30506404038610E-0001  1.19594230417537E-0001  6.47479311207141E-0002  5.79862507524788E-0002  5.60330345527815E-0003  7.03553100921983E-0002  2.48979026762282E-0002 
 1.76000000000000E+0000  4.71835947707271E-0001  4.16399713465637E-0001  1.29771702670586E-0001  1.19636805238506E-0001  6.45697729471690E-0002  5.73273160848370E-0002  5.60330345527815E-0003  7.01868902398233E-0002  2.47401570710710E-0002 
 1.78000000000000E+0000  4.69972128287095E-0001  4.15030569663940E-0001  1.29038787593313E-0001  1.19658455560740E-0001  6.43854029144544E-0002  5.66831889378164E-0002  5.60330345527815E-0003  7.00199644256807E-0002  2.45830253998119E-0002 
 1.80000000000000E+0000  4.68102255690805E-0001  4.13653197444139E-0001  1.28307728504501E-0001  1.19661715047642E-0001  6.41951300401263E-0002  5.60533757273962E-0002  5.60330345527815E-0003  6.98544844030390E-0002  2.44265185128219E-0002 
 1.82000000000000E+0000  4.66228579112103E-0001  4.12269609539711E-0001  1.27578592895308E-0001  1.19648977539495E-0001  6.39992478965448E-0002  5.54374045655567E-0002  5.60330345527815E-0003  6.96904059377584E-0002  2.42706468221621E-0002 
 1.84000000000000E+0000  4.64353217717188E-0001  4.10881709271482E-0001  1.26851446100455E-0001  1.19622499822141E-0001  6.37980355503823E-0002  5.48348240811485E-0002  5.60330345527815E-0003  6.95276883949709E-0002  2.41154203128108E-0002 
 1.86000000000000E+0000  4.62478162824343E-0001  4.09491291307798E-0001  1.26126351347273E-0001  1.19584404340845E-0001  6.35917584351312E-0002  5.42452023168350E-0002  5.60330345527815E-0003  6.93662943753560E-0002  2.39608485536250E-0002 
 1.88000000000000E+0000  4.60605280080063E-0001  4.08100042515667E-0001  1.25403369803696E-0001  1.19536681860412E-0001  6.33806691620689E-0002  5.36681256964432E-0002  5.60330345527815E-0003  6.92061893941192E-0002  2.38069407080451E-0002 
 1.90000000000000E+0000  4.58736311626762E-0001  4.06709542891737E-0001  1.24682560625244E-0001  1.19481194072641E-0001  6.31650082746426E-0002  5.31031980575332E-0002  5.60330345527815E-0003  6.90473415968759E-0002  2.36537055445459E-0002 
 1.92000000000000E+0000  4.56872878258001E-0001  4.05321266563186E-0001  1.23963981000992E-0001  1.19419676152136E-0001  6.29450049507865E-0002  5.25500397444339E-0002  5.60330345527815E-0003  6.88897215075316E-0002  2.35011514468421E-0002 
 1.94000000000000E+0000  4.55016481557867E-0001  4.03936582849706E-0001  1.23247686198563E-0001  1.19353739261515E-0001  6.27208776572794E-0002  5.20082867573779E-0002  5.60330345527815E-0003  6.87333018039991E-0002  2.33492864238529E-0002 
 1.96000000000000E+0000  4.53168506021707E-0001  4.02556757378677E-0001  1.22533729608157E-0001  1.19284873007018E-0001  6.24928347598876E-0002  5.14775899537312E-0002  5.60330345527815E-0003  6.85780571182028E-0002  2.31981181194310E-0002 
 1.98000000000000E+0000  4.51330221155944E-0001  4.01182953246488E-0001  1.21822162785644E-0001  1.19214447845475E-0001  6.22610750927120E-0002  5.09576142976329E-0002  5.60330345527815E-0003  6.84239638573396E-0002  2.30476538218621E-0002 
 2.00000000000000E+0000  4.48992410420263E-0001  3.99305859084807E-0001  1.21113035494730E-0001  1.18633344308807E-0001  6.20257884898564E-0002  5.04480381546566E-0002  5.60330345527815E-0003  6.82710000437945E-0002  2.28979004731400E-0002 
