 Mach Number             Cd Rocket - (Unpowered) Cd - Rocket (Powered)   Body Skin Friction      Nose Pressure Drag      Base Drag               Body Pressure Drag      Fin Pressure Drag       Interference Drag       Fin Skin Friction      
 0.00000000000000E+0000  4.50707564920818E-0001  4.31193469262841E-0001  2.52626028042863E-0001  0.00000000000000E+0000  5.76977596335854E-0002  1.47614105405426E-0002  1.96871161250619E-0005  3.97885994167509E-0002  8.58140801709510E-0002 
 2.00000000000000E-0002  4.28565495027028E-0001  4.08704814338129E-0001  2.43885901130673E-0001  0.00000000000000E+0000  5.87225152849506E-0002  1.42507086048522E-0002  1.96942641584276E-0005  3.84120294280810E-0002  7.32746463143132E-0002 
 4.00000000000000E-0002  4.05041742577089E-0001  3.84661672707453E-0001  2.31613364682740E-0001  0.00000000000000E+0000  6.02582048004506E-0002  1.35336013840120E-0002  1.97443000677016E-0005  3.64791049375315E-0002  6.31377224722872E-0002 
 6.00000000000000E-0002  3.91285766740978E-0001  3.70541723708902E-0001  2.23556933289045E-0001  0.00000000000000E+0000  6.13343723261022E-0002  1.30628490541140E-0002  1.98801089608481E-0005  3.52102169930245E-0002  5.81015149697320E-0002 
 8.00000000000000E-0002  3.81658155572524E-0001  3.60633015896593E-0001  2.17619181979980E-0001  0.00000000000000E+0000  6.21654970102911E-0002  1.27158951577171E-0002  2.01445669129823E-0005  3.42750211618469E-0002  5.48624156957760E-0002 
 1.00000000000000E-0001  3.74293390027072E-0001  3.53037977410626E-0001  2.12929518780109E-0001  0.00000000000000E+0000  6.28463501230759E-0002  1.24418693800627E-0002  2.05805305467766E-0005  3.35363992078671E-0002  5.25186720054101E-0002 
 1.20000000000000E-0001  3.68347229171546E-0001  3.46895797269946E-0001  2.09055875847331E-0001  0.00000000000000E+0000  6.34259246929956E-0002  1.22155251903480E-0002  2.12308224524535E-0005  3.29263004459546E-0002  5.07023721724646E-0002 
 1.40000000000000E-0001  3.63367550364126E-0001  3.41744682736941E-0001  2.05754040936935E-0001  0.00000000000000E+0000  6.39328125068523E-0002  1.20225928111033E-0002  2.21382124583567E-0005  3.24062614475672E-0002  4.92297044492105E-0002 
 1.60000000000000E-0001  3.59084852750753E-0001  3.37308991710439E-0001  2.02873013174431E-0001  0.00000000000000E+0000  6.43851715262486E-0002  1.18542489792722E-0002  2.33453947699275E-0005  3.19524995749729E-0002  4.79965741010588E-0002 
 1.80000000000000E-0001  3.55326040938520E-0001  3.33411481368461E-0001  2.00313149301338E-0001  0.00000000000000E+0000  6.47952645467477E-0002  1.17046713532003E-0002  2.48949610034352E-0005  3.15493210149608E-0002  4.69387397612694E-0002 
 2.00000000000000E-0001  3.51973632543278E-0001  3.29931734969552E-0001  1.98005380916029E-0001  0.00000000000000E+0000  6.51717676477156E-0002  1.15698241372109E-0002  2.68293691509856E-0005  3.11858474942746E-0002  4.60139829788963E-0002 
 2.20000000000000E-0001  3.48944429571569E-0001  3.26784401464693E-0001  1.95899956111750E-0001  0.00000000000000E+0000  6.55210468163013E-0002  1.14468002344920E-0002  2.91909085251410E-0005  3.08542430876006E-0002  4.51931924128999E-0002 
 2.40000000000000E-0001  3.46177491725779E-0001  3.23906913936353E-0001  1.93959914222198E-0001  0.00000000000000E+0000  6.58479115157046E-0002  1.13334399642958E-0002  3.20216607448693E-0005  3.05486864899962E-0002  4.44555178728397E-0002 
 2.60000000000000E-0001  3.43722142545867E-0001  3.21347337240732E-0001  1.92157094103623E-0001  0.00000000000000E+0000  6.61560833241183E-0002  1.12280978184085E-0002  3.53634568394519E-0005  3.02647423213207E-0002  4.38807615215560E-0002 
 2.80000000000000E-0001  3.41539044511838E-0001  3.19065340242593E-0001  1.90469582145490E-0001  0.00000000000000E+0000  6.64485000857928E-0002  1.11294933436477E-0002  3.92578305633362E-0005  2.99989591879147E-0002  4.34532519184297E-0002 
 3.00000000000000E-0001  3.39504435063205E-0001  3.16936362655488E-0001  1.88880019679469E-0001  0.00000000000000E+0000  6.67275204547627E-0002  1.10366122406095E-0002  4.37459680326380E-0005  2.97486030995164E-0002  4.30679336208146E-0002 
 3.20000000000000E-0001  3.37596687668953E-0001  3.14938128166748E-0001  1.87374444944004E-0001  0.00000000000000E+0000  6.69950656548694E-0002  1.09486386974958E-0002  4.88686538129699E-0005  2.95114750786806E-0002  4.27181946400903E-0002 
 3.40000000000000E-0001  3.35798302697167E-0001  3.13052601210104E-0001  1.85941479391351E-0001  0.00000000000000E+0000  6.72527202951098E-0002  1.08649078445150E-0002  5.46662136083710E-0005  2.92857830041377E-0002  4.23987459484460E-0002 
 3.60000000000000E-0001  3.34094946268815E-0001  3.11265001022314E-0001  1.84571742591151E-0001  0.00000000000000E+0000  6.75018056879350E-0002  1.07848715656055E-0002  6.11784537221949E-0005  2.90700494581062E-0002  4.21052985122954E-0002 
 3.80000000000000E-0001  3.32474751493641E-0001  3.09563084488824E-0001  1.83257422920190E-0001  0.00000000000000E+0000  6.77434342240904E-0002  1.07080734130364E-0002  6.84445974827197E-0005  2.88630441099299E-0002  4.18343322289121E-0002 
 4.00000000000000E-0001  3.30927800851093E-0001  3.07936614648385E-0001  1.81991956890057E-0001  0.00000000000000E+0000  6.79785504009594E-0002  1.06341298699240E-0002  7.65032188487813E-0005  2.86637332101840E-0002  4.15829272611198E-0002 
 4.20000000000000E-0001  3.29445736329160E-0001  3.06376960199628E-0001  1.80769785792730E-0001  0.00000000000000E+0000  6.82079622592542E-0002  1.05627161305789E-0002  8.53921734337135E-0005  2.84712412623549E-0002  4.13486387108085E-0002 
 4.40000000000000E-0001  3.28021461394905E-0001  3.04876789212289E-0001  1.79586168382094E-0001  0.00000000000000E+0000  6.84323658034790E-0002  1.04935551551375E-0002  9.51485272090695E-0005  2.82848215201797E-0002  4.11294020068064E-0002 
 4.60000000000000E-0001  3.26648910104412E-0001  3.03429831741440E-0001  1.78437034834580E-0001  0.00000000000000E+0000  6.86523642079498E-0002  1.04264091362092E-0002  1.05808483172769E-0004  2.81038329864464E-0002  4.09234604560539E-0002 
 4.80000000000000E-0001  3.25322866056357E-0001  3.02030693614952E-0001  1.77318871568700E-0001  0.00000000000000E+0000  6.88684830915469E-0002  1.03610727686667E-0002  1.17407306289217E-0004  2.79277222720702E-0002  4.07293090490843E-0002 
 5.00000000000000E-0001  3.24038818865406E-0001  3.00674708756303E-0001  1.76228629443386E-0001  0.00000000000000E+0000  6.90811827898687E-0002  1.02973678855039E-0002  1.29979247031263E-0004  2.77560091373333E-0002  4.05456503622821E-0002 
 5.20000000000000E-0001  3.22792849237111E-0001  2.99357820893727E-0001  1.75163649884767E-0001  0.00000000000000E+0000  6.92908683067855E-0002  1.02351391412852E-0002  1.43557463875438E-0004  2.75882748568508E-0002  4.03713595835472E-0002 
 5.40000000000000E-0001  3.21581536098558E-0001  2.98076487938315E-0001  1.74121604915320E-0001  0.00000000000000E+0000  6.94978974529730E-0002  1.01742505079370E-0002  1.58173945122257E-0004  2.74241527741629E-0002  4.02054565030430E-0002 
 5.60000000000000E-0001  3.20401880917912E-0001  2.96827604034857E-0001  1.73100448074137E-0001  0.00000000000000E+0000  6.97025875538417E-0002  1.01145824069271E-0002  1.73859430432404E-0004  2.72633205716766E-0002  4.00470828808971E-0002 
 5.80000000000000E-0001  3.19251245551061E-0001  2.95608435525076E-0001  1.72098373949905E-0001  0.00000000000000E+0000  6.99052210182348E-0002  1.00560293447013E-0002  1.90643332486888E-0004  2.71054938971100E-0002  3.98954840086233E-0002 
 6.00000000000000E-0001  3.18127300829901E-0001  2.94416567961952E-0001  1.71113784584363E-0001  0.00000000000000E+0000  7.01060499922193E-0002  9.99849794957468E-0003  2.08553659194531E-0004  2.69504210720371E-0002  3.97499935725124E-0002 
 6.20000000000000E-0001  3.16651828761170E-0001  2.92873706985042E-0001  1.70145261400824E-0001  0.00000000000000E+0000  7.03053002723388E-0002  9.94190533146242E-0003  2.27616936883126E-0004  2.67978786706298E-0002  3.92338661490319E-0002 
 6.40000000000000E-0001  3.15204720741771E-0001  2.91359675416496E-0001  1.69191541609253E-0001  0.00000000000000E+0000  7.05031746150813E-0002  9.88617770318484E-0003  2.47858134921006E-0004  2.66476678034574E-0002  3.87283008758733E-0002 
 6.60000000000000E-0001  3.13804746803919E-0001  2.89893181554536E-0001  1.68251498263812E-0001  0.00000000000000E+0000  7.06998555507099E-0002  9.83124921519225E-0003  2.69300592223302E-0004  2.64996109765504E-0002  3.82532322054312E-0002 
 6.80000000000000E-0001  3.12593961998323E-0001  2.88616224743451E-0001  1.67324123320020E-0001  0.00000000000000E+0000  7.08955077876442E-0002  9.77706096556342E-0003  2.91965946101648E-0004  2.63535494229031E-0002  3.79517545560911E-0002 
 7.00000000000000E-0001  3.11396906515362E-0001  2.87353294796649E-0001  1.66408513170484E-0001  0.00000000000000E+0000  7.10902802765829E-0002  9.72356015483109E-0003  3.15874063917222E-0004  2.62093408243513E-0002  3.76493380251955E-0002 
 7.20000000000000E-0001  3.10212838486555E-0001  2.86103604196193E-0001  1.65503856240427E-0001  0.00000000000000E+0000  7.12843079902863E-0002  9.67069936116553E-0003  3.41042977994669E-0004  2.60668573578672E-0002  3.73460745588146E-0002 
 7.40000000000000E-0001  3.09041098021135E-0001  2.84866451608211E-0001  1.64609422304259E-0001  0.00000000000000E+0000  7.14777134645054E-0002  9.61843591612205E-0003  3.67488824248421E-0004  2.59259840129208E-0002  3.70420534990792E-0002 
 7.60000000000000E-0001  3.07888042230737E-0001  2.83648156454617E-0001  1.63724553247473E-0001  6.94491467694256E-0006  7.16706081372766E-0002  9.56673136484114E-0003  3.95225784963148E-0004  2.57866171364770E-0002  3.67373616450292E-0002 
 7.80000000000000E-0001  3.07247510435038E-0001  2.82976379130980E-0001  1.63303281800497E-0001  6.25042320924830E-0005  7.17629924830422E-0002  9.54211568756513E-0003  4.24266036156398E-0004  2.57202668835783E-0002  3.64320833121060E-0002 
 8.00000000000000E-0001  3.06666349163265E-0001  2.82364049370487E-0001  1.62884666889172E-0001  1.73622866923564E-0004  7.18551490452454E-0002  9.51765523662767E-0003  4.54619699933935E-0004  2.56543350350445E-0002  3.61263003903186E-0002 
 8.20000000000000E-0001  3.06105779079433E-0001  2.81771666488678E-0001  1.62459056147675E-0001  3.40300819170185E-0004  7.19492106509205E-0002  9.46352291507000E-0003  4.86294802226891E-0004  2.55873013432588E-0002  3.58200924011118E-0002 
 8.40000000000000E-0001  3.05537359031965E-0001  2.81170799520142E-0001  1.62026677786816E-0001  5.62538088832346E-0004  7.20451471824144E-0002  9.35096043323739E-0003  5.19297236274554E-0004  2.55192017514235E-0002  3.55135365529673E-0002 
 8.60000000000000E-0001  3.05260826121433E-0001  2.80760272068799E-0001  1.61587755143763E-0001  8.40334675910048E-0004  7.24413318144584E-0002  9.18099452420931E-0003  5.53630732187767E-0004  2.54500714351427E-0002  3.52067077957623E-0002 
 8.80000000000000E-0001  3.07750939451772E-0001  2.82178429072650E-0001  1.61142506779177E-0001  1.17369058040329E-0003  7.56108088708101E-0002  8.95501269684876E-0003  5.89296832895393E-0004  2.53799448177204E-0002  3.48996788739169E-0002 
 9.00000000000000E-0001  3.13405938054684E-0001  2.85689515022586E-0001  1.60691146572416E-0001  1.56260580231207E-0003  8.19497629835135E-0002  8.67475185619394E-0003  6.26294876740617E-0004  2.53088555851554E-0002  3.45925203783532E-0002 
 9.20000000000000E-0001  3.22228202521957E-0001  2.91295910510395E-0001  1.60233883814838E-0001  2.00708034163640E-0003  9.14581941525687E-0002  8.34228472782662E-0003  6.64621986955057E-0004  2.52368367008371E-0002  3.42853007972951E-0002 
 9.40000000000000E-0001  3.34220424126275E-0001  2.99000306808761E-0001  1.59770923301259E-0001  2.50711419837626E-0003  1.04136102377975E-0001  7.96000419458562E-0003  7.04273068197151E-0004  2.51639204199484E-0002  3.39780865659329E-0002 
 9.60000000000000E-0001  3.49385587347418E-0001  3.08805688397463E-0001  1.59302465419576E-0001  3.06270737253166E-0003  1.19983487659734E-0001  7.53060566671734E-0003  7.45240810297501E-0004  2.50901383035832E-0002  3.36709421149783E-0002 
 9.80000000000000E-0001  3.67726950568926E-0001  3.20715313660043E-0001  1.58828706238617E-0001  3.67385986410261E-0003  1.39000349997844E-0001  7.05706761833770E-0003  7.87515699308025E-0004  2.50155212325821E-0002  3.33639299181343E-0002 
 1.00000000000000E+0000  4.49881794187950E-0001  3.95366462993651E-0001  1.58349837594240E-0001  6.49738094857956E-0002  1.61186689392306E-0001  6.54263043385750E-0003  8.31617322155348E-0004  2.49400994210927E-0002  3.30571105385034E-0002 
 1.02000000000000E+0000  4.77673193816722E-0001  4.14582212010518E-0001  1.57622406153211E-0001  6.91501853706288E-0002  1.86542505843120E-0001  5.98152791568566E-0003  8.75442317829613E-0004  2.48255289691308E-0002  3.26755972471159E-0002 
 1.04000000000000E+0000  5.08357796602514E-0001  4.35619207857917E-0001  1.56892050507087E-0001  7.30823405629760E-0002  2.15067799350285E-0001  5.38851863864457E-0003  9.20541010458269E-0004  2.47104979548662E-0002  3.22960485781961E-0002 
 1.06000000000000E+0000  5.23594199366643E-0001  4.46344256562962E-0001  1.56158969801155E-0001  7.67805474564579E-0002  2.28406620000000E-0001  4.76762185648248E-0003  9.66893666907058E-0004  2.45950377436819E-0002  3.19185088419593E-0002 
 1.08000000000000E+0000  5.14837816288302E-0001  4.41107521031524E-0001  1.55423358104322E-0001  8.02547853844481E-0002  2.18000000000000E-0001  4.12299509424059E-0003  1.01447861181801E-0003  2.44791789014307E-0002  3.15430201920422E-0002 
 1.10000000000000E+0000  5.10450903144593E-0001  4.38683592445936E-0001  1.54685404519985E-0001  8.35147464230542E-0002  2.12196000000000E-0001  3.45890602638594E-0003  1.06327227336456E-0003  2.43629512118976E-0002  3.11696226899051E-0002 
 1.12000000000000E+0000  5.08548665623444E-0001  4.37829867365811E-0001  1.53945293294560E-0001  8.65698410791937E-0002  2.09095840000000E-0001  2.77970395176465E-0003  1.11324923650706E-0003  2.42463836938933E-0002  3.07983543675249E-0002 
 1.14000000000000E+0000  5.06809177055876E-0001  4.37014374975498E-0001  1.53203203923732E-0001  8.94292038660365E-0002  2.06363840000000E-0001  2.08979105633210E-0003  1.16438230336452E-0003  2.41295046179878E-0002  3.04292512884233E-0002 
 1.16000000000000E+0000  5.05307935368295E-0001  4.36291644034861E-0001  1.52459311256458E-0001  9.21016987680482E-0002  2.04062000000000E-0001  1.39359365353688E-0003  1.21664256028980E-0003  2.40123415228921E-0002  3.00623476070703E-0002 
 1.18000000000000E+0000  5.04053840093930E-0001  4.35672035154541E-0001  1.51713785596782E-0001  9.45959245978167E-0002  2.02186000000000E-0001  6.95533589922540E-0004  1.26999945120781E-0003  2.38949212314931E-0002  2.96976756267084E-0002 
 1.20000000000000E+0000  5.02755639629247E-0001  4.34967170785627E-0001  1.50966792803502E-0001  9.69202202468074E-0002  2.00431670000000E-0001  1.53861522982913E-0018  1.32442085675058E-0003  2.37772698665516E-0002  2.93352658556349E-0002 
 1.22000000000000E+0000  5.03279922844137E-0001  4.35858752627347E-0001  1.50218494387734E-0001  9.90826698321464E-0002  1.99345670000000E-0001  0.00000000000000E+0000  1.80666990331222E-0003  2.36594128660682E-0002  2.91670058548760E-0002 
 1.24000000000000E+0000  5.03933969911664E-0001  4.36880098321704E-0001  1.49469047608414E-0001  1.01091107741490E-0001  1.98259670000000E-0001  0.00000000000000E+0000  2.57391786627954E-0003  2.35413749983252E-0002  2.89988516971552E-0002 
 1.26000000000000E+0000  5.05163399582296E-0001  4.38476826619165E-0001  1.48718605565787E-0001  1.02953123578000E-0001  1.97173670000000E-0001  0.00000000000000E+0000  4.06398859009135E-0003  2.34231803766115E-0002  2.88308314718052E-0002 
 1.28000000000000E+0000  5.05133244959976E-0001  4.38813970623675E-0001  1.47967317292924E-0001  1.04676067007401E-0001  1.96087670000000E-0001  0.00000000000000E+0000  4.43436578606841E-0003  2.33048524736355E-0002  2.86629723999472E-0002 
 1.30000000000000E+0000  5.04812261563037E-0001  4.38860850668213E-0001  1.47215327845298E-0001  1.06267052509061E-0001  1.95000000000000E-0001  0.00000000000000E+0000  4.64816621725565E-0003  2.31864141356344E-0002  2.84953008557873E-0002 
 1.32000000000000E+0000  5.04538999272013E-0001  4.38877774585126E-0001  1.46462778388478E-0001  1.07732964032992E-0001  1.94142000000000E-0001  0.00000000000000E+0000  4.80552686694023E-0003  2.30678875961853E-0002  2.83278423874164E-0002 
 1.34000000000000E+0000  5.04116352400038E-0001  4.38745313921088E-0001  1.45709806283960E-0001  1.09080459564638E-0001  1.93284000000000E-0001  0.00000000000000E+0000  4.93217032459204E-0003  2.29492944897236E-0002  2.81606217371244E-0002 
 1.36000000000000E+0000  5.03562163934286E-0001  4.38481311663273E-0001  1.44956545173186E-0001  1.10315975599271E-0001  1.92426000000000E-0001  0.00000000000000E+0000  5.03932443581173E-0003  2.28306558647769E-0002  2.79936628612392E-0002 
 1.38000000000000E+0000  5.02943902191597E-0001  4.38134634448526E-0001  1.44203125059794E-0001  1.11445731527794E-0001  1.91623000000000E-0001  0.00000000000000E+0000  5.13306445758853E-0003  2.27119921969175E-0002  2.78269889495023E-0002 
 1.40000000000000E+0000  5.01665462272969E-0001  4.37314134070163E-0001  1.43449672390111E-0001  1.12475733935694E-0001  1.90269000000000E-0001  0.00000000000000E+0000  5.21711010172840E-0003  2.25933234014425E-0002  2.76606224439924E-0002 
 1.42000000000000E+0000  5.00286278093304E-0001  4.36392889430762E-0001  1.42696310131962E-0001  1.13411780816870E-0001  1.88915000000000E-0001  0.00000000000000E+0000  5.29393324108243E-0003  2.24746688457840E-0002  2.74945850576051E-0002 
 1.44000000000000E+0000  4.98813844967096E-0001  4.35378395844819E-0001  1.41943157851795E-0001  1.14259465704024E-0001  1.87561000000000E-0001  0.00000000000000E+0000  5.36527625751729E-0003  2.23560473616577E-0002  2.73288977921019E-0002 
 1.46000000000000E+0000  4.97254995380047E-0001  4.34277485798034E-0001  1.41190331790182E-0001  1.15024181717265E-0001  1.86207000000000E-0001  0.00000000000000E+0000  5.43242365990984E-0003  2.22374772569537E-0002  2.71635809557362E-0002 
 1.48000000000000E+0000  4.95616057631825E-0001  4.33096487590077E-0001  1.40437944935717E-0001  1.15711125532544E-0001  1.84853000000000E-0001  0.00000000000000E+0000  5.49635665572027E-0003  2.21189763273755E-0002  2.69986541804674E-0002 
 1.50000000000000E+0000  4.93451518850097E-0001  4.31542569135883E-0001  1.39686107097350E-0001  1.16325301271509E-0001  1.83047565328419E-0001  0.00000000000000E+0000  5.55784684621418E-0003  2.20005618678326E-0002  2.68341364387715E-0002 
 1.52000000000000E+0000  4.91564515875185E-0001  4.30144316489620E-0001  1.38934924975186E-0001  1.16871524314332E-0001  1.81602466386738E-0001  0.00000000000000E+0000  5.60330345527815E-0003  2.18822506835917E-0002  2.66700460600590E-0002 
 1.54000000000000E+0000  4.89559297680760E-0001  4.28631487901941E-0001  1.38184502229782E-0001  1.17354425037048E-0001  1.80146607110753E-0001  0.00000000000000E+0000  5.60330345527815E-0003  2.17640591011906E-0002  2.65064007467078E-0002 
 1.56000000000000E+0000  4.87487945845300E-0001  4.27055474221615E-0001  1.37434939549980E-0001  1.17778452474876E-0001  1.78682029796323E-0001  0.00000000000000E+0000  5.60330345527815E-0003  2.16460029791219E-0002  2.63432175897209E-0002 
 1.58000000000000E+0000  4.85356751858487E-0001  4.25421927539345E-0001  1.36686334719294E-0001  1.18147877913008E-0001  1.77210624968601E-0001  0.00000000000000E+0000  5.60330345527815E-0003  2.15280977182888E-0002  2.61805130840169E-0002 
 1.60000000000000E+0000  4.83171687471492E-0001  4.23736228111489E-0001  1.35938782680891E-0001  1.18466798406302E-0001  1.75734141513418E-0001  0.00000000000000E+0000  5.60330345527815E-0003  2.14103582722403E-0002  2.60183031433623E-0002 
 1.62000000000000E+0000  4.80938417719130E-0001  4.22003494174627E-0001  1.35192375601192E-0001  1.18739140229265E-0001  1.74254196161253E-0001  0.00000000000000E+0000  5.60330345527815E-0003  2.12927991571877E-0002  2.58566031149540E-0002 
 1.64000000000000E+0000  4.78662313261665E-0001  4.20228591286123E-0001  1.34447202932125E-0001  1.18968662257735E-0001  1.72772282361057E-0001  0.00000000000000E+0000  5.60330345527815E-0003  2.11754344618096E-0002  2.56954277936595E-0002 
 1.66000000000000E+0000  4.76348462083605E-0001  4.18416141215877E-0001  1.33703351472049E-0001  1.19158959283599E-0001  1.71289778579908E-0001  0.00000000000000E+0000  5.60330345527815E-0003  2.10582778568477E-0002  2.55347914359228E-0002 
 1.68000000000000E+0000  4.74001680585297E-0001  4.16570530413422E-0001  1.32960905425392E-0001  1.19313465263867E-0001  1.69807956062916E-0001  0.00000000000000E+0000  5.60330345527815E-0003  2.09413426044992E-0002  2.53747077733448E-0002 
 1.70000000000000E+0000  4.71626524101582E-0001  4.14695918073495E-0001  1.32219946461012E-0001  1.19435456505420E-0001  1.68327986086317E-0001  0.00000000000000E+0000  5.60330345527815E-0003  2.08246415676095E-0002  2.52151900259438E-0002 
 1.72000000000000E+0000  4.69227296880175E-0001  4.12796243822138E-0001  1.31480553769326E-0001  1.19528054786693E-0001  1.66850946735103E-0001  0.00000000000000E+0000  5.60330345527815E-0003  2.07081872186689E-0002  2.50562509151055E-0002 
 1.74000000000000E+0000  4.66808061550798E-0001  4.10875235044304E-0001  1.30742804118215E-0001  1.19594230417537E-0001  1.65377829234919E-0001  0.00000000000000E+0000  5.60330345527815E-0003  2.05919916486189E-0002  2.48979026762282E-0002 
 1.76000000000000E+0000  4.64372648114511E-0001  4.08936413872876E-0001  1.30006771907746E-0001  1.19636805238506E-0001  1.63909543866439E-0001  0.00000000000000E+0000  5.60330345527815E-0003  2.04760665754700E-0002  2.47401570710710E-0002 
 1.78000000000000E+0000  4.61924662481130E-0001  4.06983103857975E-0001  1.29272529223725E-0001  1.19658455560740E-0001  1.62446925488837E-0001  0.00000000000000E+0000  5.60330345527815E-0003  2.03604233527367E-0002  2.45830253998119E-0002 
 1.80000000000000E+0000  4.59467494581044E-0001  4.05018436334379E-0001  1.28540145890114E-0001  1.19661715047642E-0001  1.60990738697495E-0001  0.00000000000000E+0000  5.60330345527815E-0003  2.02450729776929E-0002  2.44265185128219E-0002 
 1.82000000000000E+0000  4.57004326076322E-0001  4.03045356503929E-0001  1.27809689520324E-0001  1.19648977539495E-0001  1.59541682639611E-0001  0.00000000000000E+0000  5.60330345527815E-0003  2.01300260994511E-0002  2.42706468221621E-0002 
 1.84000000000000E+0000  4.54538137694502E-0001  4.01066629248796E-0001  1.27081225567426E-0001  1.19622499822141E-0001  1.58100395509976E-0001  0.00000000000000E+0000  5.60330345527815E-0003  2.00152930268695E-0002  2.41154203128108E-0002 
 1.86000000000000E+0000  4.52071716207152E-0001  3.99084844690606E-0001  1.26354817373277E-0001  1.19584404340845E-0001  1.56667458747835E-0001  0.00000000000000E+0000  5.60330345527815E-0003  1.99008837362911E-0002  2.39608485536250E-0002 
 1.88000000000000E+0000  4.49607661073924E-0001  3.97102423509528E-0001  1.25630526216615E-0001  1.19536681860412E-0001  1.55243400954457E-0001  0.00000000000000E+0000  5.60330345527815E-0003  1.97868078791168E-0002  2.38069407080451E-0002 
 1.90000000000000E+0000  4.47148390771622E-0001  3.95121622036597E-0001  1.24908411360112E-0001  1.19481194072641E-0001  1.53828701549826E-0001  0.00000000000000E+0000  5.60330345527815E-0003  1.96730747892178E-0002  2.36537055445459E-0002 
 1.92000000000000E+0000  4.44696148826578E-0001  3.93144537131764E-0001  1.24188530096438E-0001  1.19419676152136E-0001  1.52423794185694E-0001  0.00000000000000E+0000  5.60330345527815E-0003  1.95596934901891E-0002  2.35011514468421E-0002 
 1.94000000000000E+0000  4.42253009567557E-0001  3.91173110859396E-0001  1.23470937793327E-0001  1.19353739261515E-0001  1.51029069931134E-0001  0.00000000000000E+0000  5.60330345527815E-0003  1.94466727024490E-0002  2.33492864238529E-0002 
 1.96000000000000E+0000  4.39820883615300E-0001  3.89209134972271E-0001  1.22755687937690E-0001  1.19284873007018E-0001  1.49644880245696E-0001  0.00000000000000E+0000  5.60330345527815E-0003  1.93340208501862E-0002  2.31981181194310E-0002 
 1.98000000000000E+0000  4.37401523123857E-0001  3.87254255214401E-0001  1.22042832178785E-0001  1.19214447845475E-0001  1.48271539754297E-0001  0.00000000000000E+0000  5.60330345527815E-0003  1.92217460681587E-0002  2.30476538218621E-0002 
 2.00000000000000E+0000  4.34486153653065E-0001  3.84799602317610E-0001  1.21332420370461E-0001  1.18633344308807E-0001  1.46909328837031E-0001  0.00000000000000E+0000  5.60330345527815E-0003  1.91098562083477E-0002  2.28979004731400E-0002 
