 Mach Number             Cd Rocket - (Unpowered) Cd - Rocket (Powered)   Body Skin Friction      Nose Pressure Drag      Base Drag               Body Pressure Drag      Fin Pressure Drag       Interference Drag       Fin Skin Friction      
 0.00000000000000E+0000  6.61514999514960E-0001  6.48287424755483E-0001  3.75969786630445E-0001  0.00000000000000E+0000  4.72956854871106E-0002  3.49925755648336E-0002  5.70966632518176E-0005  5.92152413942950E-0002  1.43984613775025E-0001 
 2.00000000000000E-0002  6.24087645002366E-0001  6.10632723410112E-0001  3.63371659936434E-0001  0.00000000000000E+0000  4.81085725427512E-0002  3.38200321424846E-0002  5.72450353838850E-0005  5.72310364399884E-0002  1.21499098905323E-0001 
 4.00000000000000E-0002  5.84888207289176E-0001  5.71086596690570E-0001  3.45345542974426E-0001  0.00000000000000E+0000  4.93481719783546E-0002  3.21422902537364E-0002  5.82836181601603E-0005  5.43919230184721E-0002  1.03601995446026E-0001 
 6.00000000000000E-0002  5.62081359837704E-0001  5.48035501282282E-0001  3.33439321789285E-0001  0.00000000000000E+0000  5.02214896315503E-0002  3.10341444416843E-0002  6.11024331882525E-0005  5.25166931818124E-0002  9.48086083601832E-0002 
 8.00000000000000E-0002  5.46143147187897E-0001  5.31908273086979E-0001  3.24643068331983E-0001  0.00000000000000E+0000  5.08973217439758E-0002  3.02154521564592E-0002  6.65908852722561E-0005  5.11312832622873E-0002  8.91894308079188E-0002 
 1.00000000000000E-0001  5.33959098374349E-0001  5.19569207692033E-0001  3.17686240939092E-0001  0.00000000000000E+0000  5.14515892958459E-0002  2.95679604778884E-0002  7.56370513692066E-0005  5.00355829479069E-0002  8.51420876622466E-0002 
 1.20000000000000E-0001  5.24126706831962E-0001  5.09604759320502E-0001  3.11934686277635E-0001  0.00000000000000E+0000  5.19237633996549E-0002  2.90326469546661E-0002  8.91266867841409E-0005  4.91297130887275E-0002  8.20167704244942E-0002 
 1.40000000000000E-0001  5.15897114716295E-0001  5.01259608834159E-0001  3.07028881130828E-0001  0.00000000000000E+0000  5.23369466516335E-0002  2.85760497401810E-0002  1.07941951052335E-0004  4.83570487781053E-0002  7.94902464644957E-0002 
 1.60000000000000E-0001  5.08824929311062E-0001  4.94084252560250E-0001  3.02746094880895E-0001  0.00000000000000E+0000  5.27058379295173E-0002  2.81774386634188E-0002  1.32959857471223E-0004  4.76825099437409E-0002  7.73800880360195E-0002 
 1.80000000000000E-0001  5.02624632137817E-0001  4.87790392188536E-0001  2.98939150411197E-0001  0.00000000000000E+0000  5.30403766252631E-0002  2.78231155322414E-0002  1.65050452118812E-0004  4.70829161897636E-0002  7.55740229272328E-0002 
 2.00000000000000E-0001  4.97102800988692E-0001  4.82182636890580E-0001  2.95505926782673E-0001  0.00000000000000E+0000  5.33476016149371E-0002  2.75035756608894E-0002  2.05074730413106E-0004  4.65421834682709E-0002  7.39984387315093E-0002 
 2.20000000000000E-0001  4.92122729608855E-0001  4.77122834901412E-0001  2.92372804812085E-0001  0.00000000000000E+0000  5.36326813737871E-0002  2.72119671029459E-0002  2.53882301803880E-0004  4.60487167579034E-0002  7.26026772603299E-0002 
 2.40000000000000E-0001  4.87584500619271E-0001  4.72509976131049E-0001  2.89485057773697E-0001  0.00000000000000E+0000  5.38995229304502E-0002  2.69431962866563E-0002  3.12308816012339E-0004  4.55938965993573E-0002  7.13505182130974E-0002 
 2.60000000000000E-0001  4.84210714276289E-0001  4.69065814888462E-0001  2.86800966148531E-0001  0.00000000000000E+0000  5.41511510012352E-0002  2.66933802579313E-0002  3.81173167304767E-0004  4.51711521683936E-0002  7.10128915328938E-0002 
 2.80000000000000E-0001  4.81631332958436E-0001  4.66419645487913E-0001  2.84288051490335E-0001  0.00000000000000E+0000  5.43899542747697E-0002  2.64594961555598E-0002  4.61274496553304E-0004  4.47753681097278E-0002  7.12571884314905E-0002 
 3.00000000000000E-0001  4.79506733629772E-0001  4.64237846732014E-0001  2.82162073918359E-0001  0.00000000000000E+0000  5.45944729540989E-0002  2.62616253864662E-0002  5.53389014240934E-0004  4.44405266421415E-0002  7.14946457144654E-0002 
 3.20000000000000E-0001  4.79523948518747E-0001  4.64247590055701E-0001  2.81886134227870E-0001  0.00000000000000E+0000  5.46211878136533E-0002  2.62359428959732E-0002  6.58266671039797E-0004  4.43970661408895E-0002  7.17253507693210E-0002 
 3.40000000000000E-0001  4.79520870329009E-0001  4.64236390584044E-0001  2.81586658077245E-0001  0.00000000000000E+0000  5.46502257591866E-0002  2.62080698003064E-0002  7.76627706054299E-0004  4.43498986471661E-0002  7.19493903390502E-0002 
 3.60000000000000E-0001  4.79499008024060E-0001  4.64205771278405E-0001  2.81264273924397E-0001  0.00000000000000E+0000  5.46815367408289E-0002  2.61780645918279E-0002  9.09159106187891E-0004  4.42991231430925E-0002  7.21668505177264E-0002 
 3.80000000000000E-0001  4.79459818484314E-0001  4.64157202529578E-0001  2.80919597170760E-0001  0.00000000000000E+0000  5.47150724517087E-0002  2.61459845476967E-0002  1.05651101327286E-0003  4.42448365543946E-0002  7.23778167464812E-0002 
 4.00000000000000E-0001  4.79404703145369E-0001  4.64092098817785E-0001  2.80553230421295E-0001  0.00000000000000E+0000  5.47507862502980E-0002  2.61118857540677E-0002  1.21929311850008E-0003  4.41871337913540E-0002  7.25823738098537E-0002 
 4.20000000000000E-0001  4.79335004663641E-0001  4.64011815398868E-0001  2.80165763739317E-0001  0.00000000000000E+0000  5.47886330868719E-0002  2.60758231298087E-0002  1.39807108620183E-0003  4.41261077889424E-0002  7.27806058324994E-0002 
 4.40000000000000E-0001  4.79252003653300E-0001  4.63917645060722E-0001  2.79757774896245E-0001  0.00000000000000E+0000  5.48285694338261E-0002  2.60378504497464E-0002  1.59336305107898E-0003  4.40618495461586E-0002  7.29725962762453E-0002 
 4.60000000000000E-0001  4.79156915539954E-0001  4.63810814995451E-0001  2.79329829616397E-0001  0.00000000000000E+0000  5.48705532196160E-0002  2.59980203674494E-0002  1.80563623442936E-0003  4.39944481645826E-0002  7.31584279374793E-0002 
 4.80000000000000E-0001  4.79050887577325E-0001  4.63692483833572E-0001  2.78882481816906E-0001  0.00000000000000E+0000  5.49145437660953E-0002  2.59563844375579E-0002  2.03530372574218E-0003  4.39239908861627E-0002  7.33381829448613E-0002 
 5.00000000000000E-0001  4.78934996073275E-0001  4.63563738886665E-0001  2.78416273842861E-0001  0.00000000000000E+0000  5.49605017290517E-0002  2.59129931376694E-0002  2.28272147609794E-0003  4.38505631302507E-0002  7.35119427573443E-0002 
 5.20000000000000E-0001  4.78810243870801E-0001  4.63425593644166E-0001  2.77931736697779E-0001  0.00000000000000E+0000  5.50083890417453E-0002  2.58678958897889E-0002  2.54818554909334E-0003  4.37742485299002E-0002  7.36797881624941E-0002 
 5.40000000000000E-0001  4.78677558128101E-0001  4.63278985568435E-0001  2.77429390269482E-0001  0.00000000000000E+0000  5.50581688612748E-0002  2.58211410813521E-0002  2.83192967345292E-0003  4.36951289674433E-0002  7.38417992750966E-0002 
 5.60000000000000E-0001  4.78537788439389E-0001  4.63124774229816E-0001  2.76909743551484E-0001  0.00000000000000E+0000  5.51098055176029E-0002  2.57727760858308E-0002  3.13412313907050E-0003  4.36132846093588E-0002  7.39980555360421E-0002 
 5.80000000000000E-0001  4.78391705334859E-0001  4.62963739820169E-0001  2.76373294859978E-0001  0.00000000000000E+0000  5.51632644650878E-0002  2.57228472829277E-0002  3.45486907494328E-0003  4.35287939404466E-0002  7.41486357114755E-0002 
 6.00000000000000E-0001  4.78239999194112E-0001  4.62796582079187E-0001  2.75820532046497E-0001  0.00000000000000E+0000  5.52185122363754E-0002  2.56714000783703E-0002  3.79420314334374E-0003  4.34417337973233E-0002  7.42936178922026E-0002 
 6.20000000000000E-0001  4.77289190051038E-0001  4.61829830111549E-0001  2.75251932706349E-0001  0.00000000000000E+0000  5.52755163985176E-0002  2.56184789233101E-0002  4.15209267966866E-0003  4.33521794012500E-0002  7.36389899419421E-0002 
 6.40000000000000E-0001  4.76337417750324E-0001  4.60861632555118E-0001  2.74667964382907E-0001  0.00000000000000E+0000  5.53342455111897E-0002  2.55641273333362E-0002  4.52843630178446E-0003  4.32602043903079E-0002  7.29824398307985E-0002 
 6.60000000000000E-0001  4.75385258463307E-0001  4.59892574107923E-0001  2.74069084767831E-0001  0.00000000000000E+0000  5.53946690868894E-0002  2.55083879071109E-0002  4.92306400645229E-0003  4.31658808509333E-0002  7.23241718440905E-0002 
 6.80000000000000E-0001  4.74433203279850E-0001  4.58923154130641E-0001  2.73455741897304E-0001  0.00000000000000E+0000  5.54567575530076E-0002  2.54513023446342E-0002  5.33573776368377E-0003  4.30692793488254E-0002  7.16643843723947E-0002 
 7.00000000000000E-0001  4.73481659648152E-0001  4.57953788096526E-0001  2.72828374344375E-0001  0.00000000000000E+0000  5.55204822156657E-0002  2.53929114651448E-0002  5.76615261278887E-0003  4.29704689592391E-0002  7.10032700509388E-0002 
 7.20000000000000E-0001  4.72530953306468E-0001  4.56984809532772E-0001  2.72187411407460E-0001  0.00000000000000E+0000  5.55858152252243E-0002  2.53332552246653E-0002  6.21393825658261E-0003  4.28695172966749E-0002  7.03410158958613E-0002 
 7.40000000000000E-0001  4.71581330695938E-0001  4.56016472442545E-0001  2.71533273295103E-0001  0.00000000000000E+0000  5.56527295433714E-0002  2.52723727331980E-0002  6.67866114288079E-0003  4.27664905439787E-0002  6.96778034374063E-0002 
 7.60000000000000E-0001  4.70632961836532E-0001  4.55048954189721E-0001  2.70866371307060E-0001  0.00000000000000E+0000  5.57211989117053E-0002  2.52103022715790E-0002  7.15982701520440E-0003  4.26614534808619E-0002  6.90138088501212E-0002 
 7.80000000000000E-0001  4.69685943641176E-0001  4.54082358821396E-0001  2.70187108011774E-0001  0.00000000000000E+0000  5.57911978217322E-0002  2.51470813079965E-0002  7.65688390769334E-0003  4.25544695118545E-0002  6.83492030801256E-0002 
 8.00000000000000E-0001  4.68740303636691E-0001  4.53116720796845E-0001  2.69495877420329E-0001  0.00000000000000E+0000  5.58627014862032E-0002  2.50827465141806E-0002  8.16922555276308E-0003  4.24456006937018E-0002  6.76841519695133E-0002 
 8.20000000000000E-0001  4.67718883963329E-0001  4.52074888994721E-0001  2.68793065156930E-0001  0.00000000000000E+0000  5.59356858117209E-0002  2.49402136903365E-0002  8.69619516417020E-0003  4.23349077622164E-0002  6.70188163779547E-0002 
 8.40000000000000E-0001  4.66545759532406E-0001  4.50880944878009E-0001  2.68079048626005E-0001  0.00000000000000E+0000  5.60101273725478E-0002  2.46436915206838E-0002  9.23708955301498E-0003  4.22224501585958E-0002  6.63533523015579E-0002 
 8.60000000000000E-0001  4.65719773840069E-0001  4.49932943343471E-0001  2.67354197175974E-0001  9.14721653684358E-0005  5.64463995541164E-0002  2.41958835362008E-0002  9.83562436413928E-0003  4.21082860552159E-0002  6.56879109890536E-0002 
 8.80000000000000E-0001  4.68532167028186E-0001  4.51769209793981E-0001  2.66618872259758E-0001  8.23249488315922E-0004  5.99365770066654E-0002  2.36004441271649E-0002  1.05379127100109E-0002  4.19924723809119E-0002  6.50226390553586E-0002 
 9.00000000000000E-0001  4.75444715529593E-0001  4.56729504820173E-0001  2.65873427592103E-0001  2.28680413421089E-0003  6.69169319117635E-0002  2.28619485769129E-0002  1.12728598762648E-0002  4.18750648457563E-0002  6.43576785925808E-0002 
 9.20000000000000E-0001  4.86464160336046E-0001  4.64820569413804E-0001  2.65118209303765E-0001  4.48213610305335E-0003  7.73874642694107E-0002  2.19858573071369E-0002  1.20412081088188E-0002  4.17561179653429E-0002  6.36931672785187E-0002 
 9.40000000000000E-0001  5.01598073408085E-0001  4.76049975535414E-0001  2.64353556092631E-0001  7.40924539484330E-0003  9.13481740796069E-0002  2.09784746201104E-0002  1.28436996535906E-0002  4.16356850845894E-0002  6.30292384827133E-0002 
 9.60000000000000E-0001  5.20854811508227E-0001  4.90426079947519E-0001  2.63579799371839E-0001  1.10681320095807E-0002  1.08799061342352E-0001  1.98469022567862E-0002  1.36810767564980E-0002  4.15138184010646E-0002  6.23660213701065E-0002 
 9.80000000000000E-0001  5.44243465194292E-0001  5.07957973207940E-0001  2.62797263414937E-0001  1.54587959472656E-0002  1.29740126057646E-0001  1.85989881207730E-0002  1.45540816634588E-0002  4.13905689878525E-0002  6.17036410023589E-0002 
 1.00000000000000E+0000  5.77961354971198E-0001  5.34842975821595E-0001  2.62006265498167E-0001  2.05812372078980E-0002  1.54171368225490E-0001  2.34308221664128E-0002  1.54634566203907E-0002  4.12659868159614E-0002  6.10422184368781E-0002 
 1.02000000000000E+0000  6.33275901957255E-0001  5.82348508906793E-0001  2.60818916965811E-0001  2.64354557914779E-0002  1.82092787845882E-0001  4.62139750757771E-0002  1.64099438732117E-0002  4.10789794221152E-0002  6.02258429829796E-0002 
 1.04000000000000E+0000  7.11133479140267E-0001  6.51420945451339E-0001  2.59626380492597E-0001  3.30214516980053E-0002  2.13504384918823E-0001  8.72811636386400E-0002  1.73942856678393E-0002  4.08911549275840E-0002  5.94146577967778E-0002 
 1.06000000000000E+0000  7.54130692181873E-0001  6.90250327398220E-0001  2.58428988795352E-0001  3.66739192084819E-0002  2.28406620000000E-0001  1.12892634321656E-0001  1.84172242501913E-0002  4.07025657352680E-0002  5.86087398709232E-0002 
 1.08000000000000E+0000  7.39181952425463E-0001  6.78212092958007E-0001  2.57227066258518E-0001  3.68177895308019E-0002  2.18000000000000E-0001  1.09336170132140E-0001  1.94795018661857E-0002  4.05132629357166E-0002  5.78081617020995E-0002 
 1.10000000000000E+0000  7.28854137225907E-0001  6.69507530347209E-0001  2.56020929112714E-0001  3.69233146469605E-0002  2.12196000000000E-0001  1.05795744935739E-0001  2.05818607617401E-0002  4.03232963352524E-0002  5.70129914335011E-0002 
 1.12000000000000E+0000  7.21262266377410E-0001  6.62782706835989E-0001  2.54810885609626E-0001  3.69952889094523E-0002  2.09095840000000E-0001  1.02279201198667E-0001  2.17250431827724E-0002  4.01327144835160E-0002  5.62232929933760E-0002 
 1.14000000000000E+0000  7.14084317465740E-0001  6.56368838915444E-0001  2.53597236193297E-0001  3.70379813076279E-0002  2.06363840000000E-0001  9.87947776594330E-0002  2.29097913752002E-0002  3.99415647004443E-0002  5.54391262297379E-0002 
 1.16000000000000E+0000  7.07395769713815E-0001  6.50324065756714E-0001  2.52380273667885E-0001  3.70551967628071E-0002  2.04062000000000E-0001  9.53510115541396E-0002  2.41368475849415E-0002  3.97498931026919E-0002  5.46605470413491E-0002 
 1.18000000000000E+0000  7.01205562622393E-0001  6.44658535070618E-0001  2.51160283361963E-0001  3.70503295899301E-0002  2.02186000000000E-0001  9.19566434780035E-0002  2.54069540579139E-0002  3.95577446295092E-0002  5.38876075050728E-0002 
 1.20000000000000E+0000  6.95222520730467E-0001  6.39166141130800E-0001  2.49937543289432E-0001  3.70264102232163E-0002  2.00431670000000E-0001  8.86205251100068E-0002  2.67208530400353E-0002  3.93651630680856E-0002  5.31203559996907E-0002 
 1.22000000000000E+0000  6.92262326459488E-0001  6.36509677444140E-0001  2.48712324307113E-0001  3.69861461356849E-0002  1.99345670000000E-0001  8.71677296164001E-0002  2.80792867772234E-0002  3.91721910783703E-0002  5.27989785446960E-0002 
 1.24000000000000E+0000  6.89378208440600E-0001  6.33929290009572E-0001  2.47484890269090E-0001  3.69319577424992E-0002  1.98259670000000E-0001  8.57617984935549E-0002  2.94829975153959E-0002  3.89788702173816E-0002  5.24780242026783E-0002 
 1.26000000000000E+0000  6.86571189501593E-0001  6.31426001654884E-0001  2.46255498177859E-0001  3.68660099609808E-0002  1.97173670000000E-0001  8.44005001047683E-0002  3.09327275004708E-0002  3.87852409630128E-0002  5.21575427945010E-0002 
 1.28000000000000E+0000  6.83842194852181E-0001  6.29000737589792E-0001  2.45024398332366E-0001  3.67902400018276E-0002  1.96087670000000E-0001  8.30817422906313E-0002  3.24292189783658E-0002  3.85913427373477E-0002  5.18375825116422E-0002 
 1.30000000000000E+0000  6.81190396078276E-0001  6.26653136462891E-0001  2.43791834472974E-0001  3.67063818832974E-0002  1.95000000000000E-0001  8.18035616400062E-0002  3.39732141949985E-0002  3.83972139294934E-0002  5.15181899575065E-0002 
 1.32000000000000E+0000  6.78847903252044E-0001  6.24550607578967E-0001  2.42558043923439E-0001  3.66159880902603E-0002  1.94142000000000E-0001  8.05641137363698E-0002  3.55654553962869E-0002  3.82028919179416E-0002  5.11994101877460E-0002 
 1.34000000000000E+0000  6.76585755418703E-0001  6.22528423687933E-0001  2.41323257729950E-0001  3.65204487409040E-0002  1.93284000000000E-0001  7.93616642776180E-0002  3.72066848281487E-0002  3.80084130924672E-0002  5.08812867496144E-0002 
 1.36000000000000E+0000  6.74404609682878E-0001  6.20587241894416E-0001  2.40087700797292E-0001  3.64210085737173E-0002  1.92426000000000E-0001  7.81945809794177E-0002  3.88976447365017E-0002  3.78138128755734E-0002  5.05638617203762E-0002 
 1.38000000000000E+0000  6.72360079085078E-0001  6.18767292934930E-0001  2.38851592022183E-0001  3.63187820247281E-0002  1.91623000000000E-0001  7.70613261826146E-0002  4.06390773672636E-0002  3.76191257434939E-0002  5.02471757447943E-0002 
 1.40000000000000E+0000  6.69846739431600E-0001  6.16632637637961E-0001  2.37615144423865E-0001  3.62147666286140E-0002  1.90269000000000E-0001  7.59604500942915E-0002  4.24317249663523E-0002  3.74243852467588E-0002  4.99312680717178E-0002 
 1.42000000000000E+0000  6.67416135218033E-0001  6.14580717780903E-0001  2.36378565271974E-0001  3.61098549462422E-0002  1.88915000000000E-0001  7.48905846000057E-0002  4.42763297796855E-0002  3.72296240303358E-0002  4.96161765897902E-0002 
 1.44000000000000E+0000  6.65068784766878E-0001  6.12612051686256E-0001  2.35142056211766E-0001  3.60048451946048E-0002  1.87561000000000E-0001  7.38504375916723E-0002  4.61736340531809E-0002  3.70348738533531E-0002  4.93019378623010E-0002 
 1.46000000000000E+0000  6.62805184683061E-0001  6.10727135958948E-0001  2.33905813386751E-0001  3.59004507322923E-0002  1.86207000000000E-0001  7.28387877616494E-0002  4.81243800327565E-0002  3.68401656084132E-0002  4.89885871611987E-0002 
 1.48000000000000E+0000  6.58620883785284E-0001  6.06921519417681E-0001  2.32670027558775E-0001  3.57973085340349E-0002  1.84853000000000E-0001  7.18544798189244E-0002  4.81243800327565E-0002  3.66455293405071E-0002  4.86761585002865E-0002 
 1.50000000000000E+0000  6.54014915378887E-0001  6.02820491828732E-0001  2.31434884225617E-0001  3.56959867709340E-0002  1.83047565328419E-0001  7.08964200880054E-0002  4.81243800327565E-0002  3.64509942655346E-0002  4.83646846676200E-0002 
 1.52000000000000E+0000  6.49798760254887E-0001  5.99008499454232E-0001  2.30200563736137E-0001  3.55969915984206E-0002  1.81602466386738E-0001  6.99635724552685E-0002  4.81243800327565E-0002  3.62565887884415E-0002  4.80541972571255E-0002 
 1.54000000000000E+0000  6.45601023639516E-0001  5.95217935019876E-0001  2.28967241403041E-0001  3.55007732413561E-0002  1.80146607110753E-0001  6.90549546311741E-0002  4.81243800327565E-0002  3.60623405209789E-0002  4.77447266994565E-0002 
 1.56000000000000E+0000  6.41423442188348E-0001  5.91449963995497E-0001  2.27735087613297E-0001  3.54077314547629E-0002  1.78682029796323E-0001  6.81696347000052E-0002  4.81243800327565E-0002  3.58682762990942E-0002  4.74363022921093E-0002 
 1.58000000000000E+0000  6.37267595727216E-0001  5.87705637468154E-0001  2.26504267936257E-0001  3.53182204291801E-0002  1.77210624968601E-0001  6.73067279316507E-0002  4.81243800327565E-0002  3.56744221999605E-0002  4.71289522288111E-0002 
 1.60000000000000E+0000  6.33134918996459E-0001  5.83985901052849E-0001  2.25274943229533E-0001  3.52325532013925E-0002  1.75734141513418E-0001  6.64653938325051E-0002  4.81243800327565E-0002  3.54808035586515E-0002  4.68227036282021E-0002 
 1.62000000000000E+0000  6.29026712521886E-0001  5.80291603111032E-0001  2.24047269742668E-0001  3.51510056240938E-0002  1.74254196161253E-0001  6.56448334148198E-0002  4.81243800327565E-0002  3.52874449844702E-0002  4.65175825618251E-0002 
 1.64000000000000E+0000  6.24944152678475E-0001  5.76623502332488E-0001  2.22821399218646E-0001  3.50738199417786E-0002  1.72772282361057E-0001  6.48442866658586E-0002  4.81243800327565E-0002  3.50943703769368E-0002  4.62136140814408E-0002 
 1.66000000000000E+0000  6.20888301007779E-0001  5.72982274731501E-0001  2.21597478993299E-0001  3.50012080146811E-0002  1.71289778579908E-0001  6.40630302000049E-0002  4.81243800327565E-0002  3.49016029414446E-0002  4.59108222456841E-0002 
 1.68000000000000E+0000  6.16860112845328E-0001  5.69368520103990E-0001  2.20375652092630E-0001  3.49333542277832E-0002  1.69807956062916E-0001  6.33003750785762E-0002  4.81243800327565E-0002  3.47091652045892E-0002  4.56092301460774E-0002 
 1.70000000000000E+0000  6.12860445310040E-0001  5.65782767988377E-0001  2.19156057328118E-0001  3.48704181177199E-0002  1.68327986086317E-0001  6.25556647835342E-0002  4.81243800327565E-0002  3.45170790291786E-0002  4.53088599324154E-0002 
 1.72000000000000E+0000  6.08890064703637E-0001  5.62225483169457E-0001  2.17938829390031E-0001  3.48125367467153E-0002  1.66850946735103E-0001  6.18282733325629E-0002  4.81243800327565E-0002  3.43253656289299E-0002  4.50097328375378E-0002 
 1.74000000000000E+0000  6.04949653364425E-0001  5.58697070761279E-0001  2.16724098938795E-0001  3.47598268494495E-0002  1.65377829234919E-0001  6.11176035241426E-0002  4.81243800327565E-0002  3.41340455828602E-0002  4.47118692015021E-0002 
 1.76000000000000E+0000  6.01038145247329E-0001  5.55196210133056E-0001  2.15511992694454E-0001  3.47107160068519E-0002  1.63909543866439E-0001  6.04230853022773E-0002  4.81243800327565E-0002  3.39431388493765E-0002  4.44152884951737E-0002 
 1.78000000000000E+0000  5.97167630703872E-0001  5.51734758144356E-0001  2.14302633524265E-0001  3.46768433032332E-0002  1.62446925488837E-0001  5.97441742314652E-0002  4.81243800327565E-0002  3.37526647800717E-0002  4.41200093432438E-0002 
 1.80000000000000E+0000  5.93321548500128E-0001  5.48295939720549E-0001  2.13096140528464E-0001  3.46412474881503E-0002  1.60990738697495E-0001  5.90803500733378E-0002  4.81243800327565E-0002  3.35626421332330E-0002  4.38260495466918E-0002 
 1.82000000000000E+0000  5.89500384869583E-0001  5.44880045558856E-0001  2.11892629124237E-0001  3.46040624240618E-0002  1.59541682639611E-0001  5.84311154571473E-0002  4.81243800327565E-0002  3.33730890870673E-0002  4.35334261047028E-0002 
 1.84000000000000E+0000  5.85704572635788E-0001  5.41487329993621E-0001  2.10692211127939E-0001  3.45654128394494E-0002  1.58100395509976E-0001  5.77959946369609E-0002  4.81243800327565E-0002  3.31840232526505E-0002  4.32421552360552E-0002 
 1.86000000000000E+0000  5.81934495027958E-0001  5.38118013638147E-0001  2.09494994835594E-0001  3.45254149961409E-0002  1.56667458747835E-0001  5.71745323290366E-0002  4.81243800327565E-0002  3.29954616866061E-0002  4.29522523999892E-0002 
 1.88000000000000E+0000  5.78190489235324E-0001  5.34772285843384E-0001  2.08301085101706E-0001  3.44841773029085E-0002  1.55243400954457E-0001  5.65662926234086E-0002  4.81243800327565E-0002  3.28074209035186E-0002  4.26637323165699E-0002 
 1.90000000000000E+0000  5.74472849717977E-0001  5.31450306986077E-0001  2.07110583416426E-0001  3.44418008801112E-0002  1.53828701549826E-0001  5.59708579642148E-0002  4.81243800327565E-0002  3.26199168880870E-0002  4.23766089865561E-0002 
 1.92000000000000E+0000  5.70781831290806E-0001  5.28152210598154E-0001  2.05923587981102E-0001  3.43983800796886E-0002  1.52423794185694E-0001  5.53878281937542E-0002  4.81243800327565E-0002  3.24329651070236E-0002  4.20908957107868E-0002 
 1.94000000000000E+0000  5.67117651996008E-0001  5.24878105348294E-0001  2.04740193782247E-0001  3.43540029643949E-0002  1.51029069931134E-0001  5.48168196556743E-0002  4.81243800327565E-0002  3.22465805207039E-0002  4.18066051090974E-0002 
 1.96000000000000E+0000  5.63480495778612E-0001  5.21628076885932E-0001  2.03560492663953E-0001  3.43087517497942E-0002  1.49644880245696E-0001  5.42574643530654E-0002  4.81243800327565E-0002  3.20607775945725E-0002  4.15237491387750E-0002 
 1.98000000000000E+0000  5.59870514978499E-0001  5.18402189557202E-0001  2.02384573398789E-0001  3.42627032122006E-0002  1.48271539754297E-0001  5.37094091575799E-0002  4.81243800327565E-0002  3.18755703103093E-0002  4.12423391125668E-0002 
 2.00000000000000E+0000  5.56287832651472E-0001  5.15200488001692E-0001  2.01212521757217E-0001  3.42159290654532E-0002  1.46909328837031E-0001  5.31723150660041E-0002  4.81243800327565E-0002  3.16909721767617E-0002  4.09623857162484E-0002 
